       a   A   b   B   c   C   d   D
 1:    2   2   3   3   4   4   5   5
 2:    1   1   6   6  17  17  18  18
 3:    8   8   1   1   9   9  19  19
 4:   17  17  13  13   1   1  14  14
 5:   18  18  19  19  16  16   1   1
 6:    7   7   2   2  20  20  28  28
 7:    6   6   8   8  45  45  37  37
 8:    3   3   7   7  32  32  33  33
 9:   32  32  10  10   3   3  29  29
10:   57  57   9   9  11  11  58  58
11:   62  62  12  12  10  10  59  59
12:   66  66  11  11  13  13  68  68
13:   35  35   4   4  12  12  36  36
14:   25  25  36  36  15  15   4   4
15:   26  26  78  78  14  14  16  16
16:   27  27  41  41   5   5  15  15
17:    4   4  24  24   2   2  25  25
18:    5   5  28  28  27  27   2   2
19:   33  33   5   5  31  31   3   3
20:   45  45  21  21   6   6  42  42
21:   89  89  20  20  22  22  90  90
22:   94  94  23  23  21  21  91  91
23:   98  98  22  22  24  24 100 100
24:   34  34  17  17  23  23  73  73
25:   14  14  73  73  26  26  17  17
26:   15  15  79  79  25  25  27  27
27:   16  16  82  82  18  18  26  26
28:   37  37  18  18  44  44   6   6
29:   53  53  58  58  30  30   9   9
30:   54  54 112 112  29  29  31  31
31:   55  55  38  38  19  19  30  30
32:    9   9  46  46   8   8  53  53
33:   19  19  37  37  55  55   8   8
34:   24  24  35  35  98  98  74  74
35:   13  13  34  34  66  66  72  72
36:   72  72  14  14  69  69  13  13
37:   28  28  33  33  52  52   7   7
38:  118 118  31  31  39  39 112 112
39:  130 130  40  40  38  38 128 128
40:  133 133  39  39  41  41 135 135
41:   84  84  16  16  40  40  78  78
42:   50  50  90  90  43  43  20  20
43:   51  51 143 143  42  42  44  44
44:   52  52  85  85  28  28  43  43
45:   20  20  49  49   7   7  50  50
46:   56  56  32  32  47  47 107 107
47:  152 152  48  48  46  46 149 149
48:  155 155  47  47  49  49 157 157
49:   88  88  45  45  48  48 138 138
50:   42  42 138 138  51  51  45  45
51:   43  43 144 144  50  50  52  52
52:   44  44 119 119  37  37  51  51
53:   29  29 107 107  54  54  32  32
54:   30  30 113 113  53  53  55  55
55:   31  31 116 116  33  33  54  54
56:   46  46  57  57 152 152 108 108
57:   10  10  56  56  62  62  63  63
58:   63  63  29  29  61  61  10  10
59:   67  67  68  68  60  60  11  11
60:  171 171 178 178  59  59  61  61
61:  172 172 109 109  58  58  60  60
62:   11  11  64  64  57  57  67  67
63:   58  58 108 108 172 172  57  57
64:   65  65  62  62 167 167 173 173
65:   64  64  66  66 122 122 174 174
66:   12  12  65  65  35  35  71  71
67:   59  59 173 173 171 171  62  62
68:   71  71  59  59  70  70  12  12
69:  127 127  75  75  36  36  70  70
70:  126 126 175 175  68  68  69  69
71:   68  68 174 174 126 126  66  66
72:   36  36  74  74 127 127  35  35
73:   74  74  25  25 101 101  24  24
74:   73  73  72  72 125 125  34  34
75:  199 199  69  69  76  76 175 175
76:  211 211  77  77  75  75 209 209
77:  214 214  76  76  78  78 136 136
78:   81  81  15  15  77  77  41  41
79:   80  80  26  26 106 106  82  82
80:   79  79  81  81 219 219  83  83
81:   78  78  80  80 214 214  84  84
82:   83  83  27  27  87  87  79  79
83:   82  82  84  84 225 225  80  80
84:   41  41  83  83 133 133  81  81
85:  148 148  44  44  86  86 143 143
86:  231 231  87  87  85  85 229 229
87:  225 225  86  86  82  82 218 218
88:   49  49  89  89 155 155 139 139
89:   21  21  88  88  94  94  95  95
90:   95  95  42  42  93  93  21  21
91:   99  99 100 100  92  92  22  22
92:  238 238 245 245  91  91  93  93
93:  239 239 140 140  90  90  92  92
94:   22  22  96  96  89  89  99  99
95:   90  90 139 139 239 239  89  89
96:   97  97  94  94 234 234 240 240
97:   96  96  98  98 123 123 241 241
98:   23  23  97  97  34  34 103 103
99:   91  91 240 240 238 238  94  94
100:  103 103  91  91 102 102  23  23
101:  125 125 104 104  73  73 102 102
102:  124 124 242 242 100 100 101 101
103:  100 100 241 241 124 124  98  98
104:  265 265 101 101 105 105 242 242
105:  274 274 106 106 104 104 272 272
106:  219 219 105 105  79  79 217 217
107:  108 108  53  53 151 151  46  46
108:  107 107  63  63 170 170  56  56
109:  184 184  61  61 110 110 178 178
110:  279 279 111 111 109 109 277 277
111:  282 282 110 110 112 112 129 129
112:  115 115  30  30 111 111  38  38
113:  114 114  54  54 166 166 116 116
114:  113 113 115 115 287 287 117 117
115:  112 112 114 114 282 282 118 118
116:  117 117  55  55 121 121 113 113
117:  116 116 118 118 293 293 114 114
118:   38  38 117 117 130 130 115 115
119:  147 147  52  52 120 120 144 144
120:  299 299 121 121 119 119 297 297
121:  293 293 120 120 116 116 286 286
122:  167 167 123 123  65  65 191 191
123:  234 234 122 122  97  97 258 258
124:  102 102 266 266 103 103 125 125
125:  101 101 206 206  74  74 124 124
126:   70  70 200 200  71  71 127 127
127:   69  69 197 197  72  72 126 126
128:  134 134 135 135 129 129  39  39
129:  284 284 277 277 128 128 111 111
130:   39  39 131 131 118 118 134 134
131:  132 132 130 130 294 294 302 302
132:  131 131 133 133 226 226 303 303
133:   40  40 132 132  84  84 137 137
134:  128 128 302 302 284 284 130 130
135:  137 137 128 128 136 136  40  40
136:  216 216 209 209 135 135  77  77
137:  135 135 303 303 216 216 133 133
138:  139 139  50  50 158 158  49  49
139:  138 138  95  95 237 237  88  88
140:  251 251  93  93 141 141 245 245
141:  322 322 142 142 140 140 320 320
142:  325 325 141 141 143 143 230 230
143:  146 146  43  43 142 142  85  85
144:  145 145  51  51 163 163 119 119
145:  144 144 146 146 328 328 147 147
146:  143 143 145 145 325 325 148 148
147:  119 119 148 148 299 299 145 145
148:   85  85 147 147 231 231 146 146
149:  156 156 157 157 150 150  47  47
150:  169 169 340 340 149 149 151 151
151:  170 170 164 164 107 107 150 150
152:   47  47 153 153  56  56 156 156
153:  154 154 152 152 168 168 335 335
154:  153 153 155 155 235 235 336 336
155:   48  48 154 154  88  88 160 160
156:  149 149 335 335 169 169 152 152
157:  160 160 149 149 159 159  48  48
158:  237 237 161 161 138 138 159 159
159:  236 236 337 337 157 157 158 158
160:  157 157 336 336 236 236 155 155
161:  356 356 158 158 162 162 337 337
162:  365 365 163 163 161 161 363 363
163:  328 328 162 162 144 144 298 298
164:  345 345 151 151 165 165 340 340
165:  370 370 166 166 164 164 368 368
166:  287 287 165 165 113 113 285 285
167:  122 122 168 168  64  64 188 188
168:  235 235 167 167 153 153 346 346
169:  150 150 341 341 156 156 170 170
170:  151 151 185 185 108 108 169 169
171:   60  60 179 179  67  67 172 172
172:   61  61 182 182  63  63 171 171
173:  174 174  67  67 190 190  64  64
174:  173 173  71  71 193 193  65  65
175:  202 202  70  70 176 176  75  75
176:  373 373 177 177 175 175 210 210
177:  376 376 176 176 178 178 278 278
178:  181 181  60  60 177 177 109 109
179:  180 180 171 171 196 196 182 182
180:  179 179 181 181 381 381 183 183
181:  178 178 180 180 376 376 184 184
182:  183 183 172 172 187 187 179 179
183:  182 182 184 184 387 387 180 180
184:  109 109 183 183 279 279 181 181
185:  344 344 170 170 186 186 341 341
186:  393 393 187 187 185 185 391 391
187:  387 387 186 186 182 182 380 380
188:  191 191 346 346 189 189 167 167
189:  192 192 399 399 188 188 190 190
190:  193 193 194 194 173 173 189 189
191:  188 188 258 258 192 192 122 122
192:  189 189 400 400 191 191 193 193
193:  190 190 203 203 174 174 192 192
194:  404 404 190 190 195 195 399 399
195:  410 410 196 196 194 194 408 408
196:  381 381 195 195 179 179 379 379
197:  198 198 127 127 208 208 200 200
198:  197 197 199 199 415 415 201 201
199:   75  75 198 198 211 211 202 202
200:  201 201 126 126 205 205 197 197
201:  200 200 202 202 421 421 198 198
202:  175 175 201 201 373 373 199 199
203:  403 403 193 193 204 204 400 400
204:  427 427 205 205 203 203 425 425
205:  421 421 204 204 200 200 414 414
206:  264 264 125 125 207 207 266 266
207:  432 432 208 208 206 206 430 430
208:  415 415 207 207 197 197 413 413
209:  215 215 136 136 210 210  76  76
210:  377 377 278 278 209 209 176 176
211:   76  76 212 212 199 199 215 215
212:  213 213 211 211 416 416 316 316
213:  212 212 214 214 220 220 315 315
214:   77  77 213 213  81  81 216 216
215:  209 209 316 316 377 377 211 211
216:  136 136 315 315 137 137 214 214
217:  223 223 272 272 218 218 106 106
218:  224 224 229 229 217 217  87  87
219:  106 106 222 222  80  80 223 223
220:  416 416 221 221 213 213 440 440
221:  450 450 220 220 222 222 451 451
222:  275 275 219 219 221 221 445 445
223:  217 217 445 445 224 224 219 219
224:  218 218 447 447 223 223 225 225
225:   87  87 228 228  83  83 224 224
226:  294 294 227 227 132 132 309 309
227:  333 333 226 226 228 228 458 458
228:  232 232 225 225 227 227 447 447
229:  233 233 218 218 230 230  86  86
230:  327 327 320 320 229 229 142 142
231:   86  86 232 232 148 148 233 233
232:  228 228 231 231 333 333 448 448
233:  229 229 448 448 327 327 231 231
234:  123 123 235 235  96  96 255 255
235:  168 168 234 234 154 154 349 349
236:  159 159 357 357 160 160 237 237
237:  158 158 252 252 139 139 236 236
238:   92  92 246 246  99  99 239 239
239:   93  93 249 249  95  95 238 238
240:  241 241  99  99 257 257  96  96
241:  240 240 103 103 260 260  97  97
242:  268 268 102 102 243 243 104 104
243:  468 468 244 244 242 242 273 273
244:  471 471 243 243 245 245 321 321
245:  248 248  92  92 244 244 140 140
246:  247 247 238 238 263 263 249 249
247:  246 246 248 248 476 476 250 250
248:  245 245 247 247 471 471 251 251
249:  250 250 239 239 254 254 246 246
250:  249 249 251 251 482 482 247 247
251:  140 140 250 250 322 322 248 248
252:  355 355 237 237 253 253 357 357
253:  488 488 254 254 252 252 486 486
254:  482 482 253 253 249 249 475 475
255:  258 258 349 349 256 256 234 234
256:  259 259 494 494 255 255 257 257
257:  260 260 261 261 240 240 256 256
258:  255 255 191 191 259 259 123 123
259:  256 256 405 405 258 258 260 260
260:  257 257 269 269 241 241 259 259
261:  498 498 257 257 262 262 494 494
262:  501 501 263 263 261 261 499 499
263:  476 476 262 262 246 246 474 474
264:  206 206 265 265 432 432 267 267
265:  104 104 264 264 274 274 268 268
266:  267 267 124 124 271 271 206 206
267:  266 266 268 268 505 505 264 264
268:  242 242 267 267 468 468 265 265
269:  497 497 260 260 270 270 405 405
270:  511 511 271 271 269 269 509 509
271:  505 505 270 270 266 266 431 431
272:  276 276 217 217 273 273 105 105
273:  472 472 321 321 272 272 243 243
274:  105 105 275 275 265 265 276 276
275:  222 222 274 274 450 450 446 446
276:  272 272 446 446 472 472 274 274
277:  283 283 129 129 278 278 110 110
278:  378 378 210 210 277 277 177 177
279:  110 110 280 280 184 184 283 283
280:  281 281 279 279 388 388 305 305
281:  280 280 282 282 288 288 304 304
282:  111 111 281 281 115 115 284 284
283:  277 277 305 305 378 378 279 279
284:  129 129 304 304 134 134 282 282
285:  291 291 368 368 286 286 166 166
286:  292 292 297 297 285 285 121 121
287:  166 166 290 290 114 114 291 291
288:  388 388 289 289 281 281 524 524
289:  534 534 288 288 290 290 535 535
290:  371 371 287 287 289 289 529 529
291:  285 285 529 529 292 292 287 287
292:  286 286 531 531 291 291 293 293
293:  121 121 296 296 117 117 292 292
294:  226 226 295 295 131 131 306 306
295:  334 334 294 294 296 296 542 542
296:  300 300 293 293 295 295 531 531
297:  301 301 286 286 298 298 120 120
298:  332 332 363 363 297 297 163 163
299:  120 120 300 300 147 147 301 301
300:  296 296 299 299 334 334 532 532
301:  297 297 532 532 332 332 299 299
302:  303 303 134 134 308 308 131 131
303:  302 302 137 137 311 311 132 132
304:  305 305 284 284 314 314 281 281
305:  304 304 283 283 523 523 280 280
306:  309 309 542 542 307 307 294 294
307:  310 310 555 555 306 306 308 308
308:  311 311 312 312 302 302 307 307
309:  306 306 458 458 310 310 226 226
310:  307 307 556 556 309 309 311 311
311:  308 308 317 317 303 303 310 310
312:  560 560 308 308 313 313 555 555
313:  566 566 314 314 312 312 564 564
314:  523 523 313 313 304 304 525 525
315:  316 316 216 216 319 319 213 213
316:  315 315 215 215 439 439 212 212
317:  559 559 311 311 318 318 556 556
318:  571 571 319 319 317 317 569 569
319:  439 439 318 318 315 315 441 441
320:  326 326 230 230 321 321 141 141
321:  473 473 273 273 320 320 244 244
322:  141 141 323 323 251 251 326 326
323:  324 324 322 322 483 483 462 462
324:  323 323 325 325 329 329 461 461
325:  142 142 324 324 146 146 327 327
326:  320 320 462 462 473 473 322 322
327:  230 230 461 461 233 233 325 325
328:  163 163 331 331 145 145 332 332
329:  483 483 330 330 324 324 577 577
330:  583 583 329 329 331 331 584 584
331:  366 366 328 328 330 330 545 545
332:  298 298 545 545 301 301 328 328
333:  227 227 334 334 232 232 460 460
334:  295 295 333 333 300 300 544 544
335:  336 336 156 156 348 348 153 153
336:  335 335 160 160 351 351 154 154
337:  359 359 159 159 338 338 161 161
338:  587 587 339 339 337 337 364 364
339:  590 590 338 338 340 340 369 369
340:  343 343 150 150 339 339 164 164
341:  342 342 169 169 354 354 185 185
342:  341 341 343 343 593 593 344 344
343:  340 340 342 342 590 590 345 345
344:  185 185 345 345 393 393 342 342
345:  164 164 344 344 370 370 343 343
346:  349 349 188 188 347 347 168 168
347:  350 350 396 396 346 346 348 348
348:  351 351 352 352 335 335 347 347
349:  346 346 255 255 350 350 235 235
350:  347 347 491 491 349 349 351 351
351:  348 348 360 360 336 336 350 350
352:  601 601 348 348 353 353 396 396
353:  604 604 354 354 352 352 602 602
354:  593 593 353 353 341 341 392 392
355:  252 252 356 356 488 488 358 358
356:  161 161 355 355 365 365 359 359
357:  358 358 236 236 362 362 252 252
358:  357 357 359 359 608 608 355 355
359:  337 337 358 358 587 587 356 356
360:  600 600 351 351 361 361 491 491
361:  614 614 362 362 360 360 612 612
362:  608 608 361 361 357 357 487 487
363:  367 367 298 298 364 364 162 162
364:  591 591 369 369 363 363 338 338
365:  162 162 366 366 356 356 367 367
366:  331 331 365 365 583 583 546 546
367:  363 363 546 546 591 591 365 365
368:  372 372 285 285 369 369 165 165
369:  592 592 364 364 368 368 339 339
370:  165 165 371 371 345 345 372 372
371:  290 290 370 370 534 534 530 530
372:  368 368 530 530 592 592 370 370
373:  176 176 374 374 202 202 377 377
374:  375 375 373 373 422 422 435 435
375:  374 374 376 376 382 382 436 436
376:  177 177 375 375 181 181 378 378
377:  210 210 435 435 215 215 373 373
378:  278 278 436 436 283 283 376 376
379:  385 385 408 408 380 380 196 196
380:  386 386 391 391 379 379 187 187
381:  196 196 384 384 180 180 385 385
382:  422 422 383 383 375 375 631 631
383:  638 638 382 382 384 384 639 639
384:  411 411 381 381 383 383 633 633
385:  379 379 633 633 386 386 381 381
386:  380 380 635 635 385 385 387 387
387:  187 187 390 390 183 183 386 386
388:  288 288 389 389 280 280 521 521
389:  533 533 388 388 390 390 646 646
390:  394 394 387 387 389 389 635 635
391:  395 395 380 380 392 392 186 186
392:  597 597 602 602 391 391 354 354
393:  186 186 394 394 344 344 395 395
394:  390 390 393 393 533 533 636 636
395:  391 391 636 636 597 597 393 393
396:  599 599 347 347 397 397 352 352
397:  656 656 398 398 396 396 603 603
398:  659 659 397 397 399 399 409 409
399:  402 402 189 189 398 398 194 194
400:  401 401 192 192 407 407 203 203
401:  400 400 402 402 662 662 403 403
402:  399 399 401 401 659 659 404 404
403:  203 203 404 404 427 427 401 401
404:  194 194 403 403 410 410 402 402
405:  495 495 259 259 406 406 269 269
406:  667 667 407 407 405 405 510 510
407:  662 662 406 406 400 400 426 426
408:  412 412 379 379 409 409 195 195
409:  661 661 603 603 408 408 398 398
410:  195 195 411 411 404 404 412 412
411:  384 384 410 410 638 638 634 634
412:  408 408 634 634 661 661 410 410
413:  419 419 430 430 414 414 208 208
414:  420 420 425 425 413 413 205 205
415:  208 208 418 418 198 198 419 419
416:  220 220 417 417 212 212 437 437
417:  449 449 416 416 418 418 681 681
418:  433 433 415 415 417 417 677 677
419:  413 413 677 677 420 420 415 415
420:  414 414 679 679 419 419 421 421
421:  205 205 424 424 201 201 420 420
422:  382 382 423 423 374 374 629 629
423:  637 637 422 422 424 424 688 688
424:  428 428 421 421 423 423 679 679
425:  429 429 414 414 426 426 204 204
426:  666 666 510 510 425 425 407 407
427:  204 204 428 428 403 403 429 429
428:  424 424 427 427 637 637 680 680
429:  425 425 680 680 666 666 427 427
430:  434 434 413 413 431 431 207 207
431:  504 504 509 509 430 430 271 271
432:  207 207 433 433 264 264 434 434
433:  418 418 432 432 449 449 678 678
434:  430 430 678 678 504 504 432 432
435:  436 436 377 377 444 444 374 374
436:  435 435 378 378 528 528 375 375
437:  440 440 681 681 438 438 416 416
438:  441 441 708 708 437 437 439 439
439:  319 319 442 442 316 316 438 438
440:  437 437 451 451 441 441 220 220
441:  438 438 569 569 440 440 319 319
442:  572 572 439 439 443 443 708 708
443:  714 714 444 444 442 442 712 712
444:  528 528 443 443 435 435 630 630
445:  446 446 223 223 452 452 222 222
446:  445 445 276 276 517 517 275 275
447:  448 448 224 224 457 457 228 228
448:  447 447 233 233 464 464 232 232
449:  417 417 450 450 433 433 684 684
450:  221 221 449 449 275 275 454 454
451:  454 454 440 440 453 453 221 221
452:  517 517 455 455 445 445 453 453
453:  516 516 710 710 451 451 452 452
454:  451 451 684 684 516 516 450 450
455:  718 718 452 452 456 456 710 710
456:  725 725 457 457 455 455 561 561
457:  464 464 456 456 447 447 459 459
458:  460 460 309 309 459 459 227 227
459:  463 463 561 561 458 458 457 457
460:  458 458 544 544 463 463 333 333
461:  462 462 327 327 467 467 324 324
462:  461 461 326 326 576 576 323 323
463:  459 459 728 728 460 460 464 464
464:  457 457 465 465 448 448 463 463
465:  726 726 464 464 466 466 728 728
466:  735 735 467 467 465 465 733 733
467:  576 576 466 466 461 461 578 578
468:  243 243 469 469 268 268 472 472
469:  470 470 468 468 506 506 514 514
470:  469 469 471 471 477 477 515 515
471:  244 244 470 470 248 248 473 473
472:  273 273 514 514 276 276 468 468
473:  321 321 515 515 326 326 471 471
474:  480 480 499 499 475 475 263 263
475:  481 481 486 486 474 474 254 254
476:  263 263 479 479 247 247 480 480
477:  506 506 478 478 470 470 740 740
478:  747 747 477 477 479 479 748 748
479:  502 502 476 476 478 478 742 742
480:  474 474 742 742 481 481 476 476
481:  475 475 744 744 480 480 482 482
482:  254 254 485 485 250 250 481 481
483:  329 329 484 484 323 323 574 574
484:  582 582 483 483 485 485 755 755
485:  489 489 482 482 484 484 744 744
486:  490 490 475 475 487 487 253 253
487:  607 607 612 612 486 486 362 362
488:  253 253 489 489 355 355 490 490
489:  485 485 488 488 582 582 745 745
490:  486 486 745 745 607 607 488 488
491:  598 598 350 350 492 492 360 360
492:  765 765 493 493 491 491 613 613
493:  768 768 492 492 494 494 500 500
494:  496 496 256 256 493 493 261 261
495:  405 405 496 496 667 667 497 497
496:  494 494 495 495 768 768 498 498
497:  269 269 498 498 511 511 495 495
498:  261 261 497 497 501 501 496 496
499:  503 503 474 474 500 500 262 262
500:  770 770 613 613 499 499 493 493
501:  262 262 502 502 498 498 503 503
502:  479 479 501 501 747 747 743 743
503:  499 499 743 743 770 770 501 501
504:  431 431 698 698 434 434 505 505
505:  271 271 508 508 267 267 504 504
506:  477 477 507 507 469 469 738 738
507:  746 746 506 506 508 508 780 780
508:  512 512 505 505 507 507 698 698
509:  513 513 431 431 510 510 270 270
510:  669 669 426 426 509 509 406 406
511:  270 270 512 512 497 497 513 513
512:  508 508 511 511 746 746 699 699
513:  509 509 699 699 669 669 511 511
514:  515 515 472 472 520 520 469 469
515:  514 514 473 473 581 581 470 470
516:  453 453 719 719 454 454 517 517
517:  452 452 518 518 446 446 516 516
518:  717 717 517 517 519 519 719 719
519:  790 790 520 520 518 518 788 788
520:  581 581 519 519 514 514 739 739
521:  524 524 646 646 522 522 388 388
522:  525 525 796 796 521 521 523 523
523:  314 314 526 526 305 305 522 522
524:  521 521 535 535 525 525 288 288
525:  522 522 564 564 524 524 314 314
526:  567 567 523 523 527 527 796 796
527:  715 715 528 528 526 526 800 800
528:  444 444 527 527 436 436 632 632
529:  530 530 291 291 536 536 290 290
530:  529 529 372 372 625 625 371 371
531:  532 532 292 292 541 541 296 296
532:  531 531 301 301 548 548 300 300
533:  389 389 534 534 394 394 648 648
534:  289 289 533 533 371 371 538 538
535:  538 538 524 524 537 537 289 289
536:  625 625 539 539 529 529 537 537
537:  624 624 798 798 535 535 536 536
538:  535 535 648 648 624 624 534 534
539:  804 804 536 536 540 540 798 798
540:  811 811 541 541 539 539 552 552
541:  548 548 540 540 531 531 543 543
542:  544 544 306 306 543 543 295 295
543:  547 547 552 552 542 542 541 541
544:  542 542 460 460 547 547 334 334
545:  546 546 332 332 551 551 331 331
546:  545 545 367 367 620 620 366 366
547:  543 543 730 730 544 544 548 548
548:  541 541 549 549 532 532 547 547
549:  812 812 548 548 550 550 730 730
550:  817 817 551 551 549 549 815 815
551:  620 620 550 550 545 545 585 585
552:  813 813 543 543 553 553 540 540
553:  820 820 554 554 552 552 799 799
554:  823 823 553 553 555 555 565 565
555:  558 558 307 307 554 554 312 312
556:  557 557 310 310 563 563 317 317
557:  556 556 558 558 826 826 559 559
558:  555 555 557 557 823 823 560 560
559:  317 317 560 560 571 571 557 557
560:  312 312 559 559 566 566 558 558
561:  727 727 459 459 562 562 456 456
562:  831 831 563 563 561 561 711 711
563:  826 826 562 562 556 556 570 570
564:  568 568 525 525 565 565 313 313
565:  825 825 799 799 564 564 554 554
566:  313 313 567 567 560 560 568 568
567:  526 526 566 566 715 715 797 797
568:  564 564 797 797 825 825 566 566
569:  573 573 441 441 570 570 318 318
570:  830 830 711 711 569 569 563 563
571:  318 318 572 572 559 559 573 573
572:  442 442 571 571 714 714 709 709
573:  569 569 709 709 830 830 571 571
574:  577 577 755 755 575 575 483 483
575:  578 578 851 851 574 574 576 576
576:  467 467 579 579 462 462 575 575
577:  574 574 584 584 578 578 329 329
578:  575 575 733 733 577 577 467 467
579:  736 736 576 576 580 580 851 851
580:  791 791 581 581 579 579 853 853
581:  520 520 580 580 515 515 741 741
582:  484 484 583 583 489 489 757 757
583:  330 330 582 582 366 366 586 586
584:  586 586 577 577 585 585 330 330
585:  619 619 815 815 584 584 551 551
586:  584 584 757 757 619 619 583 583
587:  338 338 588 588 359 359 591 591
588:  589 589 587 587 609 609 617 617
589:  588 588 590 590 594 594 618 618
590:  339 339 589 589 343 343 592 592
591:  364 364 617 617 367 367 587 587
592:  369 369 618 618 372 372 590 590
593:  354 354 596 596 342 342 597 597
594:  609 609 595 595 589 589 863 863
595:  866 866 594 594 596 596 867 867
596:  605 605 593 593 595 595 649 649
597:  392 392 649 649 395 395 593 593
598:  491 491 599 599 765 765 600 600
599:  396 396 598 598 656 656 601 601
600:  360 360 601 601 614 614 598 598
601:  352 352 600 600 604 604 599 599
602:  606 606 392 392 603 603 353 353
603:  660 660 409 409 602 602 397 397
604:  353 353 605 605 601 601 606 606
605:  596 596 604 604 866 866 650 650
606:  602 602 650 650 660 660 604 604
607:  487 487 758 758 490 490 608 608
608:  362 362 611 611 358 358 607 607
609:  594 594 610 610 588 588 861 861
610:  865 865 609 609 611 611 877 877
611:  615 615 608 608 610 610 758 758
612:  616 616 487 487 613 613 361 361
613:  769 769 500 500 612 612 492 492
614:  361 361 615 615 600 600 616 616
615:  611 611 614 614 865 865 759 759
616:  612 612 759 759 769 769 614 614
617:  618 618 591 591 623 623 588 588
618:  617 617 592 592 628 628 589 589
619:  585 585 856 856 586 586 620 620
620:  551 551 621 621 546 546 619 619
621:  818 818 620 620 622 622 856 856
622:  887 887 623 623 621 621 885 885
623:  628 628 622 622 617 617 862 862
624:  537 537 805 805 538 538 625 625
625:  536 536 626 626 530 530 624 624
626:  803 803 625 625 627 627 805 805
627:  888 888 628 628 626 626 890 890
628:  623 623 627 627 618 618 864 864
629:  631 631 688 688 630 630 422 422
630:  632 632 712 712 629 629 444 444
631:  629 629 639 639 632 632 382 382
632:  630 630 800 800 631 631 528 528
633:  634 634 385 385 640 640 384 384
634:  633 633 412 412 673 673 411 411
635:  636 636 386 386 645 645 390 390
636:  635 635 395 395 652 652 394 394
637:  423 423 638 638 428 428 690 690
638:  383 383 637 637 411 411 642 642
639:  642 642 631 631 641 641 383 383
640:  673 673 643 643 633 633 641 641
641:  672 672 895 895 639 639 640 640
642:  639 639 690 690 672 672 638 638
643:  898 898 640 640 644 644 895 895
644:  905 905 645 645 643 643 793 793
645:  652 652 644 644 635 635 647 647
646:  648 648 521 521 647 647 389 389
647:  651 651 793 793 646 646 645 645
648:  646 646 538 538 651 651 533 533
649:  650 650 597 597 655 655 596 596
650:  649 649 606 606 873 873 605 605
651:  647 647 808 808 648 648 652 652
652:  645 645 653 653 636 636 651 651
653:  906 906 652 652 654 654 808 808
654:  911 911 655 655 653 653 909 909
655:  873 873 654 654 649 649 868 868
656:  397 397 657 657 599 599 660 660
657:  658 658 656 656 870 870 671 671
658:  657 657 659 659 663 663 670 670
659:  398 398 658 658 402 402 661 661
660:  603 603 671 671 606 606 656 656
661:  409 409 670 670 412 412 659 659
662:  407 407 665 665 401 401 666 666
663:  870 870 664 664 658 658 916 916
664:  772 772 663 663 665 665 918 918
665:  668 668 662 662 664 664 691 691
666:  426 426 691 691 429 429 662 662
667:  406 406 668 668 495 495 669 669
668:  665 665 667 667 772 772 692 692
669:  510 510 692 692 513 513 667 667
670:  671 671 661 661 676 676 658 658
671:  670 670 660 660 876 876 657 657
672:  641 641 899 899 642 642 673 673
673:  640 640 674 674 634 634 672 672
674:  897 897 673 673 675 675 899 899
675:  924 924 676 676 674 674 922 922
676:  876 876 675 675 670 670 917 917
677:  678 678 419 419 682 682 418 418
678:  677 677 434 434 701 701 433 433
679:  680 680 420 420 687 687 424 424
680:  679 679 429 429 694 694 428 428
681:  684 684 437 437 683 683 417 417
682:  701 701 685 685 677 677 683 683
683:  700 700 705 705 681 681 682 682
684:  681 681 454 454 700 700 449 449
685:  928 928 682 682 686 686 705 705
686:  931 931 687 687 685 685 893 893
687:  694 694 686 686 679 679 689 689
688:  690 690 629 629 689 689 423 423
689:  693 693 893 893 688 688 687 687
690:  688 688 642 642 693 693 637 637
691:  692 692 666 666 697 697 665 665
692:  691 691 669 669 787 787 668 668
693:  689 689 902 902 690 690 694 694
694:  687 687 695 695 680 680 693 693
695:  932 932 694 694 696 696 902 902
696:  937 937 697 697 695 695 935 935
697:  787 787 696 696 691 691 919 919
698:  699 699 504 504 704 704 508 508
699:  698 698 513 513 784 784 512 512
700:  683 683 722 722 684 684 701 701
701:  682 682 702 702 678 678 700 700
702:  927 927 701 701 703 703 722 722
703:  942 942 704 704 702 702 940 940
704:  784 784 703 703 698 698 781 781
705:  930 930 683 683 706 706 685 685
706:  945 945 707 707 705 705 894 894
707:  844 844 706 706 708 708 713 713
708:  709 709 438 438 707 707 442 442
709:  708 708 573 573 844 844 572 572
710:  721 721 453 453 711 711 455 455
711:  833 833 570 570 710 710 562 562
712:  716 716 630 630 713 713 443 443
713:  843 843 894 894 712 712 707 707
714:  443 443 715 715 572 572 716 716
715:  527 527 714 714 567 567 802 802
716:  712 712 802 802 843 843 714 714
717:  518 518 718 718 790 790 720 720
718:  455 455 717 717 725 725 721 721
719:  720 720 516 516 724 724 518 518
720:  719 719 721 721 954 954 717 717
721:  710 710 720 720 833 833 718 718
722:  929 929 700 700 723 723 702 702
723:  958 958 724 724 722 722 941 941
724:  954 954 723 723 719 719 789 789
725:  456 456 726 726 718 718 727 727
726:  465 465 725 725 735 735 729 729
727:  561 561 729 729 831 831 725 725
728:  729 729 463 463 732 732 465 465
729:  728 728 727 727 962 962 726 726
730:  814 814 547 547 731 731 549 549
731:  966 966 732 732 730 730 816 816
732:  962 962 731 731 728 728 734 734
733:  737 737 578 578 734 734 466 466
734:  961 961 816 816 733 733 732 732
735:  466 466 736 736 726 726 737 737
736:  579 579 735 735 791 791 852 852
737:  733 733 852 852 961 961 735 735
738:  740 740 780 780 739 739 506 506
739:  741 741 788 788 738 738 520 520
740:  738 738 748 748 741 741 477 477
741:  739 739 853 853 740 740 581 581
742:  743 743 480 480 749 749 479 479
743:  742 742 503 503 776 776 502 502
744:  745 745 481 481 754 754 485 485
745:  744 744 490 490 761 761 489 489
746:  507 507 747 747 512 512 782 782
747:  478 478 746 746 502 502 751 751
748:  751 751 740 740 750 750 478 478
749:  776 776 752 752 742 742 750 750
750:  775 775 976 976 748 748 749 749
751:  748 748 782 782 775 775 747 747
752:  979 979 749 749 753 753 976 976
753:  986 986 754 754 752 752 848 848
754:  761 761 753 753 744 744 756 756
755:  757 757 574 574 756 756 484 484
756:  760 760 848 848 755 755 754 754
757:  755 755 586 586 760 760 582 582
758:  759 759 607 607 764 764 611 611
759:  758 758 616 616 881 881 615 615
760:  756 756 858 858 757 757 761 761
761:  754 754 762 762 745 745 760 760
762:  987 987 761 761 763 763 858 858
763:  992 992 764 764 762 762 990 990
764:  881 881 763 763 758 758 878 878
765:  492 492 766 766 598 598 769 769
766:  767 767 765 765 871 871 774 774
767:  766 766 768 768 771 771 773 773
768:  493 493 767 767 496 496 770 770
769:  613 613 774 774 616 616 765 765
770:  500 500 773 773 503 503 768 768
771:  871 871 772 772 767 767 997 997
772:  664 664 771 771 668 668 920 920
773:  774 774 770 770 779 779 767 767
774:  773 773 769 769 884 884 766 766
775:  750 750 980 980 751 751 776 776
776:  749 749 777 777 743 743 775 775
777:  978 978 776 776 778 778 980 980
778: 1001 1001 779 779 777 777 999 999
779:  884 884 778 778 773 773 998 998
780:  782 782 738 738 781 781 507 507
781:  783 783 940 940 780 780 704 704
782:  780 780 751 751 783 783 746 746
783:  781 781 983 983 782 782 784 784
784:  704 704 785 785 699 699 783 783
785:  943 943 784 784 786 786 983 983
786:  938 938 787 787 785 785 1005 1005
787:  697 697 786 786 692 692 921 921
788:  792 792 739 739 789 789 519 519
789:  953 953 941 941 788 788 724 724
790:  519 519 791 791 717 717 792 792
791:  580 580 790 790 736 736 855 855
792:  788 788 855 855 953 953 790 790
793:  907 907 647 647 794 794 644 644
794: 1013 1013 795 795 793 793 896 896
795:  837 837 794 794 796 796 801 801
796:  797 797 522 522 795 795 526 526
797:  796 796 568 568 837 837 567 567
798:  807 807 537 537 799 799 539 539
799:  824 824 565 565 798 798 553 553
800:  802 802 632 632 801 801 527 527
801:  836 836 896 896 800 800 795 795
802:  800 800 716 716 836 836 715 715
803:  626 626 804 804 888 888 806 806
804:  539 539 803 803 811 811 807 807
805:  806 806 624 624 810 810 626 626
806:  805 805 807 807 1018 1018 803 803
807:  798 798 806 806 824 824 804 804
808:  908 908 651 651 809 809 653 653
809: 1022 1022 810 810 808 808 910 910
810: 1018 1018 809 809 805 805 891 891
811:  540 540 812 812 804 804 813 813
812:  549 549 811 811 817 817 814 814
813:  552 552 814 814 820 820 811 811
814:  730 730 813 813 966 966 812 812
815:  819 819 585 585 816 816 550 550
816:  968 968 734 734 815 815 731 731
817:  550 550 818 818 812 812 819 819
818:  621 621 817 817 887 887 857 857
819:  815 815 857 857 968 968 817 817
820:  553 553 821 821 813 813 824 824
821:  822 822 820 820 1026 1026 835 835
822:  821 821 823 823 827 827 834 834
823:  554 554 822 822 558 558 825 825
824:  799 799 835 835 807 807 820 820
825:  565 565 834 834 568 568 823 823
826:  563 563 829 829 557 557 830 830
827: 1026 1026 828 828 822 822 1034 1034
828:  965 965 827 827 829 829 1036 1036
829:  832 832 826 826 828 828 841 841
830:  570 570 841 841 573 573 826 826
831:  562 562 832 832 727 727 833 833
832:  829 829 831 831 965 965 842 842
833:  711 711 842 842 721 721 831 831
834:  835 835 825 825 840 840 822 822
835:  834 834 824 824 1019 1019 821 821
836:  801 801 950 950 802 802 837 837
837:  795 795 838 838 797 797 836 836
838: 1014 1014 837 837 839 839 950 950
839: 1042 1042 840 840 838 838 1040 1040
840: 1019 1019 839 839 834 834 1035 1035
841:  842 842 830 830 847 847 829 829
842:  841 841 833 833 955 955 832 832
843:  713 713 948 948 716 716 844 844
844:  707 707 845 845 709 709 843 843
845:  946 946 844 844 846 846 948 948
846: 1047 1047 847 847 845 845 1045 1045
847:  955 955 846 846 841 841 1037 1037
848:  988 988 756 756 849 849 753 753
849: 1050 1050 850 850 848 848 977 977
850:  972 972 849 849 851 851 854 854
851:  852 852 575 575 850 850 579 579
852:  851 851 737 737 972 972 736 736
853:  855 855 741 741 854 854 580 580
854:  971 971 977 977 853 853 850 850
855:  853 853 792 792 971 971 791 791
856:  857 857 619 619 860 860 621 621
857:  856 856 819 819 1028 1028 818 818
858:  989 989 760 760 859 859 762 762
859: 1054 1054 860 860 858 858 991 991
860: 1028 1028 859 859 856 856 886 886
861:  863 863 877 877 862 862 609 609
862:  864 864 885 885 861 861 623 623
863:  861 861 867 867 864 864 594 594
864:  862 862 890 890 863 863 628 628
865:  610 610 866 866 615 615 879 879
866:  595 595 865 865 605 605 869 869
867:  869 869 863 863 868 868 595 595
868:  872 872 909 909 867 867 655 655
869:  867 867 879 879 872 872 866 866
870:  663 663 871 871 657 657 914 914
871:  771 771 870 870 766 766 995 995
872:  868 868 1057 1057 869 869 873 873
873:  655 655 874 874 650 650 872 872
874:  912 912 873 873 875 875 1057 1057
875:  925 925 876 876 874 874 1062 1062
876:  676 676 875 875 671 671 915 915
877:  879 879 861 861 878 878 610 610
878:  880 880 990 990 877 877 764 764
879:  877 877 869 869 880 880 865 865
880:  878 878 1059 1059 879 879 881 881
881:  764 764 882 882 759 759 880 880
882:  993 993 881 881 883 883 1059 1059
883: 1002 1002 884 884 882 882 1066 1066
884:  779 779 883 883 774 774 996 996
885:  889 889 862 862 886 886 622 622
886: 1027 1027 991 991 885 885 860 860
887:  622 622 888 888 818 818 889 889
888:  627 627 887 887 803 803 892 892
889:  885 885 892 892 1027 1027 887 887
890:  892 892 864 864 891 891 627 627
891: 1017 1017 910 910 890 890 810 810
892:  890 890 889 889 1017 1017 888 888
893:  933 933 689 689 894 894 686 686
894:  947 947 713 713 893 893 706 706
895:  901 901 641 641 896 896 643 643
896: 1015 1015 801 801 895 895 794 794
897:  674 674 898 898 924 924 900 900
898:  643 643 897 897 905 905 901 901
899:  900 900 672 672 904 904 674 674
900:  899 899 901 901 1076 1076 897 897
901:  895 895 900 900 1015 1015 898 898
902:  934 934 693 693 903 903 695 695
903: 1080 1080 904 904 902 902 936 936
904: 1076 1076 903 903 899 899 923 923
905:  644 644 906 906 898 898 907 907
906:  653 653 905 905 911 911 908 908
907:  793 793 908 908 1013 1013 905 905
908:  808 808 907 907 1022 1022 906 906
909:  913 913 868 868 910 910 654 654
910: 1024 1024 891 891 909 909 809 809
911:  654 654 912 912 906 906 913 913
912:  874 874 911 911 925 925 1058 1058
913:  909 909 1058 1058 1024 1024 911 911
914:  916 916 995 995 915 915 870 870
915:  917 917 1062 1062 914 914 876 876
916:  914 914 918 918 917 917 663 663
917:  915 915 922 922 916 916 676 676
918:  920 920 916 916 919 919 664 664
919:  921 921 935 935 918 918 697 697
920:  918 918 997 997 921 921 772 772
921:  919 919 1005 1005 920 920 787 787
922:  926 926 917 917 923 923 675 675
923: 1075 1075 936 936 922 922 904 904
924:  675 675 925 925 897 897 926 926
925:  875 875 924 924 912 912 1064 1064
926:  922 922 1064 1064 1075 1075 924 924
927:  702 702 928 928 942 942 929 929
928:  685 685 927 927 931 931 930 930
929:  722 722 930 930 958 958 927 927
930:  705 705 929 929 945 945 928 928
931:  686 686 932 932 928 928 933 933
932:  695 695 931 931 937 937 934 934
933:  893 893 934 934 947 947 931 931
934:  902 902 933 933 1080 1080 932 932
935:  939 939 919 919 936 936 696 696
936: 1082 1082 923 923 935 935 903 903
937:  696 696 938 938 932 932 939 939
938:  786 786 937 937 943 943 1007 1007
939:  935 935 1007 1007 1082 1082 937 937
940:  944 944 781 781 941 941 703 703
941:  960 960 789 789 940 940 723 723
942:  703 703 943 943 927 927 944 944
943:  785 785 942 942 938 938 1004 1004
944:  940 940 1004 1004 960 960 942 942
945:  706 706 946 946 930 930 947 947
946:  845 845 945 945 1047 1047 949 949
947:  894 894 949 949 933 933 945 945
948:  949 949 843 843 952 952 845 845
949:  948 948 947 947 1094 1094 946 946
950: 1016 1016 836 836 951 951 838 838
951: 1077 1077 952 952 950 950 1041 1041
952: 1094 1094 951 951 948 948 1046 1046
953:  789 789 1008 1008 792 792 954 954
954:  724 724 957 957 720 720 953 953
955:  847 847 956 956 842 842 1039 1039
956: 1048 1048 955 955 957 957 1105 1105
957:  959 959 954 954 956 956 1008 1008
958:  723 723 959 959 929 929 960 960
959:  957 957 958 958 1048 1048 1009 1009
960:  941 941 1009 1009 944 944 958 958
961:  734 734 969 969 737 737 962 962
962:  732 732 963 963 729 729 961 961
963:  967 967 962 962 964 964 969 969
964: 1025 1025 965 965 963 963 1109 1109
965:  828 828 964 964 832 832 1038 1038
966:  731 731 967 967 814 814 968 968
967:  963 963 966 966 1025 1025 970 970
968:  816 816 970 970 819 819 966 966
969:  970 970 961 961 975 975 963 963
970:  969 969 968 968 1031 1031 967 967
971:  854 854 1010 1010 855 855 972 972
972:  850 850 973 973 852 852 971 971
973: 1051 1051 972 972 974 974 1010 1010
974: 1115 1115 975 975 973 973 1113 1113
975: 1031 1031 974 974 969 969 1110 1110
976:  982 982 750 750 977 977 752 752
977: 1052 1052 854 854 976 976 849 849
978:  777 777 979 979 1001 1001 981 981
979:  752 752 978 978 986 986 982 982
980:  981 981 775 775 985 985 777 777
981:  980 980 982 982 1119 1119 978 978
982:  976 976 981 981 1052 1052 979 979
983: 1004 1004 783 783 984 984 785 785
984: 1095 1095 985 985 983 983 1006 1006
985: 1119 1119 984 984 980 980 1000 1000
986:  753 753 987 987 979 979 988 988
987:  762 762 986 986 992 992 989 989
988:  848 848 989 989 1050 1050 986 986
989:  858 858 988 988 1054 1054 987 987
990:  994 994 878 878 991 991 763 763
991: 1056 1056 886 886 990 990 859 859
992:  763 763 993 993 987 987 994 994
993:  882 882 992 992 1002 1002 1065 1065
994:  990 990 1065 1065 1056 1056 992 992
995:  997 997 914 914 996 996 871 871
996:  998 998 1066 1066 995 995 884 884
997:  995 995 920 920 998 998 771 771
998:  996 996 999 999 997 997 779 779
999: 1003 1003 998 998 1000 1000 778 778
1000: 1118 1118 1006 1006 999 999 985 985
1001:  778 778 1002 1002 978 978 1003 1003
1002:  883 883 1001 1001 993 993 1068 1068
1003:  999 999 1068 1068 1118 1118 1001 1001
1004:  983 983 944 944 1095 1095 943 943
1005: 1007 1007 921 921 1006 1006 786 786
1006: 1096 1096 1000 1000 1005 1005 984 984
1007: 1005 1005 939 939 1096 1096 938 938
1008: 1009 1009 953 953 1012 1012 957 957
1009: 1008 1008 960 960 1102 1102 959 959
1010: 1053 1053 971 971 1011 1011 973 973
1011: 1120 1120 1012 1012 1010 1010 1114 1114
1012: 1102 1102 1011 1011 1008 1008 1106 1106
1013:  794 794 1014 1014 907 907 1015 1015
1014:  838 838 1013 1013 1042 1042 1016 1016
1015:  896 896 1016 1016 901 901 1013 1013
1016:  950 950 1015 1015 1077 1077 1014 1014
1017:  891 891 1071 1071 892 892 1018 1018
1018:  810 810 1021 1021 806 806 1017 1017
1019:  840 840 1020 1020 835 835 1033 1033
1020: 1043 1043 1019 1019 1021 1021 1133 1133
1021: 1023 1023 1018 1018 1020 1020 1071 1071
1022:  809 809 1023 1023 908 908 1024 1024
1023: 1021 1021 1022 1022 1043 1043 1074 1074
1024:  910 910 1074 1074 913 913 1022 1022
1025:  964 964 1026 1026 967 967 1111 1111
1026:  827 827 1025 1025 821 821 1032 1032
1027:  886 886 1069 1069 889 889 1028 1028
1028:  860 860 1029 1029 857 857 1027 1027
1029: 1055 1055 1028 1028 1030 1030 1069 1069
1030: 1116 1116 1031 1031 1029 1029 1137 1137
1031:  975 975 1030 1030 970 970 1112 1112
1032: 1034 1034 1111 1111 1033 1033 1026 1026
1033: 1035 1035 1133 1133 1032 1032 1019 1019
1034: 1032 1032 1036 1036 1035 1035 827 827
1035: 1033 1033 1040 1040 1034 1034 840 840
1036: 1038 1038 1034 1034 1037 1037 828 828
1037: 1039 1039 1045 1045 1036 1036 847 847
1038: 1036 1036 1109 1109 1039 1039 965 965
1039: 1037 1037 1105 1105 1038 1038 955 955
1040: 1044 1044 1035 1035 1041 1041 839 839
1041: 1104 1104 1046 1046 1040 1040 951 951
1042:  839 839 1043 1043 1014 1014 1044 1044
1043: 1020 1020 1042 1042 1023 1023 1135 1135
1044: 1040 1040 1135 1135 1104 1104 1042 1042
1045: 1049 1049 1037 1037 1046 1046 846 846
1046: 1103 1103 1041 1041 1045 1045 952 952
1047:  846 846 1048 1048 946 946 1049 1049
1048:  956 956 1047 1047 959 959 1107 1107
1049: 1045 1045 1107 1107 1103 1103 1047 1047
1050:  849 849 1051 1051 988 988 1052 1052
1051:  973 973 1050 1050 1115 1115 1053 1053
1052:  977 977 1053 1053 982 982 1050 1050
1053: 1010 1010 1052 1052 1120 1120 1051 1051
1054:  859 859 1055 1055 989 989 1056 1056
1055: 1029 1029 1054 1054 1116 1116 1070 1070
1056:  991 991 1070 1070 994 994 1054 1054
1057: 1058 1058 872 872 1061 1061 874 874
1058: 1057 1057 913 913 1084 1084 912 912
1059: 1065 1065 880 880 1060 1060 882 882
1060: 1124 1124 1061 1061 1059 1059 1067 1067
1061: 1084 1084 1060 1060 1057 1057 1063 1063
1062: 1064 1064 915 915 1063 1063 875 875
1063: 1083 1083 1067 1067 1062 1062 1061 1061
1064: 1062 1062 926 926 1083 1083 925 925
1065: 1059 1059 994 994 1124 1124 993 993
1066: 1068 1068 996 996 1067 1067 883 883
1067: 1123 1123 1063 1063 1066 1066 1060 1060
1068: 1066 1066 1003 1003 1123 1123 1002 1002
1069: 1070 1070 1027 1027 1073 1073 1029 1029
1070: 1069 1069 1056 1056 1127 1127 1055 1055
1071: 1074 1074 1017 1017 1072 1072 1021 1021
1072: 1087 1087 1073 1073 1071 1071 1134 1134
1073: 1127 1127 1072 1072 1069 1069 1138 1138
1074: 1071 1071 1024 1024 1087 1087 1023 1023
1075:  923 923 1088 1088 926 926 1076 1076
1076:  904 904 1079 1079 900 900 1075 1075
1077:  951 951 1078 1078 1016 1016 1104 1104
1078: 1093 1093 1077 1077 1079 1079 1140 1140
1079: 1081 1081 1076 1076 1078 1078 1088 1088
1080:  903 903 1081 1081 934 934 1082 1082
1081: 1079 1079 1080 1080 1093 1093 1089 1089
1082:  936 936 1089 1089 939 939 1080 1080
1083: 1063 1063 1090 1090 1064 1064 1084 1084
1084: 1061 1061 1085 1085 1058 1058 1083 1083
1085: 1125 1125 1084 1084 1086 1086 1090 1090
1086: 1126 1126 1087 1087 1085 1085 1142 1142
1087: 1072 1072 1086 1086 1074 1074 1136 1136
1088: 1089 1089 1075 1075 1092 1092 1079 1079
1089: 1088 1088 1082 1082 1099 1099 1081 1081
1090: 1129 1129 1083 1083 1091 1091 1085 1085
1091: 1130 1130 1092 1092 1090 1090 1143 1143
1092: 1099 1099 1091 1091 1088 1088 1144 1144
1093: 1078 1078 1094 1094 1081 1081 1141 1141
1094:  952 952 1093 1093 949 949 1103 1103
1095:  984 984 1100 1100 1004 1004 1096 1096
1096: 1006 1006 1097 1097 1007 1007 1095 1095
1097: 1128 1128 1096 1096 1098 1098 1100 1100
1098: 1131 1131 1099 1099 1097 1097 1146 1146
1099: 1092 1092 1098 1098 1089 1089 1147 1147
1100: 1122 1122 1095 1095 1101 1101 1097 1097
1101: 1121 1121 1102 1102 1100 1100 1145 1145
1102: 1012 1012 1101 1101 1009 1009 1108 1108
1103: 1046 1046 1141 1141 1049 1049 1094 1094
1104: 1041 1041 1140 1140 1044 1044 1077 1077
1105: 1107 1107 1039 1039 1106 1106 956 956
1106: 1108 1108 1114 1114 1105 1105 1012 1012
1107: 1105 1105 1049 1049 1108 1108 1048 1048
1108: 1106 1106 1145 1145 1107 1107 1102 1102
1109: 1111 1111 1038 1038 1110 1110 964 964
1110: 1112 1112 1113 1113 1109 1109 975 975
1111: 1109 1109 1032 1032 1112 1112 1025 1025
1112: 1110 1110 1137 1137 1111 1111 1031 1031
1113: 1117 1117 1110 1110 1114 1114 974 974
1114: 1132 1132 1106 1106 1113 1113 1011 1011
1115:  974 974 1116 1116 1051 1051 1117 1117
1116: 1030 1030 1115 1115 1055 1055 1139 1139
1117: 1113 1113 1139 1139 1132 1132 1115 1115
1118: 1000 1000 1128 1128 1003 1003 1119 1119
1119:  985 985 1122 1122 981 981 1118 1118
1120: 1011 1011 1121 1121 1053 1053 1132 1132
1121: 1101 1101 1120 1120 1122 1122 1152 1152
1122: 1100 1100 1119 1119 1121 1121 1128 1128
1123: 1067 1067 1129 1129 1068 1068 1124 1124
1124: 1060 1060 1125 1125 1065 1065 1123 1123
1125: 1085 1085 1124 1124 1126 1126 1129 1129
1126: 1086 1086 1127 1127 1125 1125 1149 1149
1127: 1073 1073 1126 1126 1070 1070 1148 1148
1128: 1097 1097 1118 1118 1131 1131 1122 1122
1129: 1090 1090 1123 1123 1130 1130 1125 1125
1130: 1091 1091 1131 1131 1129 1129 1150 1150
1131: 1098 1098 1130 1130 1128 1128 1151 1151
1132: 1114 1114 1152 1152 1117 1117 1120 1120
1133: 1135 1135 1033 1033 1134 1134 1020 1020
1134: 1136 1136 1138 1138 1133 1133 1072 1072
1135: 1133 1133 1044 1044 1136 1136 1043 1043
1136: 1134 1134 1142 1142 1135 1135 1087 1087
1137: 1139 1139 1112 1112 1138 1138 1030 1030
1138: 1148 1148 1134 1134 1137 1137 1073 1073
1139: 1137 1137 1117 1117 1148 1148 1116 1116
1140: 1141 1141 1104 1104 1144 1144 1078 1078
1141: 1140 1140 1103 1103 1147 1147 1093 1093
1142: 1149 1149 1136 1136 1143 1143 1086 1086
1143: 1150 1150 1144 1144 1142 1142 1091 1091
1144: 1147 1147 1143 1143 1140 1140 1092 1092
1145: 1152 1152 1108 1108 1146 1146 1101 1101
1146: 1151 1151 1147 1147 1145 1145 1098 1098
1147: 1144 1144 1146 1146 1141 1141 1099 1099
1148: 1138 1138 1149 1149 1139 1139 1127 1127
1149: 1142 1142 1148 1148 1150 1150 1126 1126
1150: 1143 1143 1151 1151 1149 1149 1130 1130
1151: 1146 1146 1150 1150 1152 1152 1131 1131
1152: 1145 1145 1132 1132 1151 1151 1121 1121
