-0.966667
-0.95
-0.933333
-0.916667
-0.983333
-0.9
-0.716667
-0.7
-0.866667
-0.983333
-0.85
-0.683333
-0.716667
-0.783333
-0.983333
-0.766667
-0.7
-0.683333
-0.733333
-0.983333
-0.883333
-0.966667
-0.666667
-0.533333
-0.9
-0.866667
-0.25
-0.383333
-0.95
-0.883333
-0.466667
-0.45
-0.466667
-0.833333
-0.95
-0.516667
-0.05
-0.85
-0.816667
-0.0333333
0.0333333
-0.8
-0.833333
-0.0166667
0.1
-0.816667
-0.783333
0.133333
-0.416667
-0.933333
-0.8
-0.4
-0.583333
-0.4
-0.75
-0.933333
-0.566667
0.3
-0.766667
-0.733333
-0.55
-0.316667
-0.916667
-0.75
-0.933333
-0.6
-0.966667
-0.583333
-0.916667
-0.533333
-0.55
-0.966667
-0.45
-0.916667
-0.483333
-0.95
-0.25
-0.65
-0.9
-0.3
0.483333
-0.666667
-0.633333
0.5
0.566667
-0.616667
-0.65
0.516667
0.633333
-0.633333
-0.6
0.666667
-0.433333
-0.716667
-0.616667
0.216667
-0.766667
0.216667
-0.566667
-0.716667
-0.75
0.316667
-0.583333
-0.55
-0.733333
0.366667
-0.7
-0.566667
-0.383333
-0.7
-0.266667
-0.9
-0.116667
-0.0333333
-0.5
-0.85
-0.1
0.866667
-0.516667
-0.483333
-0.0833333
-0.366667
-0.683333
-0.5
-0.85
-0.233333
-0.866667
-0.116667
-0.683333
-0.383333
-0.0833333
-0.866667
-0.6
-0.416667
0.633333
0.233333
-0.783333
-0.433333
0.1
0.2
0.2
-0.766667
0.15
-0.783333
-0.533333
-0.45
-0.133333
-0.883333
0.966667
-0.483333
-0.35
0.866667
1.16667
-0.333333
-0.366667
1.13333
1.21667
-0.35
-0.316667
1.25
0.4
-0.733333
-0.333333
0.3
-0.166667
0.5
-0.283333
-0.666667
-0.15
1.38333
-0.3
-0.266667
-0.133333
0.416667
-0.533333
-0.283333
-0.666667
-0.183333
-0.883333
-0.166667
-0.0666667
-0.466667
-0.216667
0.783333
1.53333
-0.2
-0.233333
1.48333
1.58333
-0.216667
-0.183333
1.61667
0.466667
-0.25
-0.2
1.3
-0.3
1.3
-0.15
-0.25
-0.283333
1.4
-0.166667
-0.133333
-0.266667
0.983333
-0.383333
-0.15
-0.516667
0.783333
-0.1
-0.466667
-0.5
0.883333
-0.116667
-0.0833333
-0.483333
0.933333
-0.45
-0.1
-0.233333
-0.05
1.53333
0.8
-0.833333
-0.0666667
0.0333333
0.05
0.05
-0.516667
0.0166667
-0.833333
0.116667
0.133333
0
-0.816667
1.85
1.96667
-0.0166667
0.0166667
1.86667
0.816667
-0.0333333
0
-0.816667
0.0666667
-0.05
0.116667
-0.0333333
0.8
1.86667
-0.05
0.0833333
0.0333333
1.78333
1.88333
0.0666667
0.1
1.03333
1.9
-0.8
0.0833333
-0.416667
0.183333
-0.0166667
1.88333
1.85
0.0333333
0.183333
-0.0166667
0.166667
-0.8
1.11667
0.25
-0.4
0.166667
1.1
1.91667
0.133333
0.15
0.133333
1.9
1.1
0.1
-0.4
0.233333
1.11667
-0.416667
0.233333
-0.583333
0.683333
-0.6
0.216667
0.2
1.08333
-0.433333
2.31667
0.15
0.266667
1.91667
2.51667
0.283333
0.25
2.48333
2.56667
0.266667
0.3
1.26667
0.35
-0.75
0.283333
-0.316667
0.333333
-0.566667
0.766667
0.366667
0.316667
0.35
2.65
0.383333
0.3
0.333333
2.56667
0.4
0.383333
-0.55
0.45
0.316667
0.366667
0.4
2.75
0.333333
-0.316667
0.383333
1.21667
0.35
1.46667
-0.266667
0.433333
1.38333
2.85
0.45
0.416667
2.81667
2.75
0.433333
0.366667
2.63333
-0.183333
0.483333
1.58333
1.31667
-0.65
0.466667
0.566667
0.583333
0.583333
-0.3
0.55
-0.65
0.65
0.666667
0.533333
-0.633333
2.96667
3.08333
0.516667
0.55
2.98333
1.33333
0.5
0.533333
-0.633333
0.6
0.483333
0.65
0.5
1.31667
2.98333
0.483333
0.616667
0.566667
2.9
3
0.6
0.633333
1.05
3.01667
-0.616667
0.616667
-0.433333
0.716667
0.516667
3
2.96667
0.566667
0.716667
0.516667
0.7
-0.616667
1.08333
0.733333
0.216667
0.7
1.06667
3.03333
0.666667
0.683333
0.666667
3.01667
1.06667
0.633333
3.41667
0.683333
0.75
3.03333
3.56667
0.766667
0.733333
3.53333
2.65
0.75
0.316667
2.61667
0.8
-0.116667
1.51667
-0.233333
0.783333
0.05
1.83333
-0.0666667
2.06667
0.0166667
0.833333
1.96667
3.65
0.85
0.816667
3.61667
3.7
0.833333
0.866667
1.15
0.916667
-0.5
0.85
-0.366667
0.9
-0.1
1.76667
0.933333
0.883333
0.916667
3.78333
0.95
0.866667
0.9
3.7
0.966667
0.95
-0.0833333
1.01667
0.883333
0.933333
0.966667
3.88333
0.9
-0.366667
0.95
1.16667
0.916667
1.45
-0.133333
1
1.4
3.98333
1.01667
0.983333
3.95
3.88333
1
0.933333
3.76667
1.78333
1.05
0.0833333
2.18333
2.9
1.03333
0.616667
3.3
0.7
3.43333
0.716667
1.08333
0.683333
2.43333
0.233333
1.06667
0.166667
2.33333
0.183333
1.11667
0.15
2.28333
0.2
1.1
1.23333
1.25
1.15
-0.35
3.73333
3.61667
1.13333
0.85
-0.35
1.18333
0.966667
1.23333
1.2
1.16667
3.9
4.03333
1.18333
1.21667
2.76667
4.05
-0.333333
1.2
0.4
1.28333
1.13333
4.03333
3.73333
1.16667
1.28333
1.13333
1.26667
-0.333333
2.6
2.48333
1.25
0.283333
1.25
4.05
2.6
1.21667
1.31667
-0.166667
1.63333
-0.183333
1.3
0.583333
2.95
0.466667
3.18333
0.55
1.35
3.08333
4.36667
1.36667
1.33333
4.33333
4.41667
1.35
1.38333
2.83333
1.43333
-0.283333
1.36667
0.416667
1.41667
-0.15
1.71667
0.983333
1.4
1.43333
4.46667
1.45
1.38333
1.41667
4.41667
1.46667
0.983333
1.46667
3.98333
1.41667
0.416667
1.45
2.85
1.43333
1.6
1.61667
1.5
-0.216667
1.81667
4.66667
1.48333
1.51667
1.83333
1.73333
0.783333
1.5
-0.216667
1.55
-0.0666667
1.6
1.56667
1.53333
1.8
4.58333
1.55
1.58333
2.91667
4.6
-0.2
1.56667
0.466667
1.66667
1.48333
4.58333
1.81667
1.53333
1.66667
1.48333
1.65
-0.2
2.95
1.68333
1.3
1.65
2.93333
4.61667
1.61667
1.63333
1.61667
4.6
2.93333
1.58333
4.93333
1.63333
1.7
4.61667
5.08333
1.71667
1.68333
5.05
4.46667
1.7
1.4
3.96667
4.75
1.51667
1.75
4.66667
5.16667
1.76667
1.73333
5.13333
3.78333
1.75
0.883333
3.75
1.03333
1.8
0.0666667
2.13333
2.91667
1.78333
1.55
4.76667
1.5
4.68333
1.6
1.83333
1.51667
2.08333
0.8
1.81667
0
1.98333
0.116667
1.86667
0.0166667
2.03333
0.05
1.85
1.9
0.116667
2.16667
0.0666667
1.88333
0.183333
2.21667
0.0833333
2.36667
0.166667
1.93333
0.25
5.21667
1.95
1.91667
2.5
5.26667
1.93333
1.96667
3.63333
2.01667
0
1.95
0.816667
2
1.85
2.26667
2.03333
1.98333
2.01667
5.35
2.05
1.96667
2
5.26667
2.06667
2.05
1.86667
2.11667
1.98333
2.03333
2.06667
5.45
2
0.816667
2.05
3.65
2.01667
4.73333
1.83333
2.1
4.68333
5.55
2.11667
2.08333
5.51667
5.45
2.1
2.03333
5.33333
2.18333
4.76667
2.15
1.78333
2.2
5.65
2.13333
2.16667
2.21667
2.23333
1.88333
2.15
2.13333
3.3
2.2
1.03333
2.15
5.66667
2.18333
2.21667
2.16667
2.38333
1.9
2.2
5.73333
2.16667
2.25
5.65
5.83333
2.26667
2.23333
5.8
5.35
2.25
1.98333
5.31667
2.3
1.11667
2.46667
2.33333
2.28333
2.31667
5.91667
2.35
0.25
2.3
2.51667
2.36667
2.35
1.1
2.41667
2.28333
2.33333
2.36667
6.01667
2.3
1.91667
2.35
5.21667
2.31667
5.71667
2.21667
2.4
5.66667
6.11667
2.41667
2.38333
6.08333
6.01667
2.4
2.33333
5.9
3.4
1.08333
2.45
3.43333
6.2
2.46667
2.43333
6.16667
5.91667
2.45
2.28333
5.88333
2.58333
1.26667
2.5
0.266667
5.28333
3.63333
2.48333
1.93333
0.266667
2.53333
2.31667
2.58333
2.55
2.51667
5.93333
4.26667
2.53333
2.56667
2.66667
4.25
0.283333
2.55
0.35
2.6
2.48333
4.26667
5.28333
2.51667
1.26667
4.25
1.28333
2.56667
2.71667
3.53333
2.63333
0.766667
2.73333
2.81667
2.61667
0.45
0.766667
2.7
0.333333
2.71667
5.93333
2.68333
2.55
6.33333
6.5
2.66667
2.7
6.51667
3.58333
2.65
2.68333
6.41667
2.61667
6.41667
2.73333
2.65
2.63333
6.45
2.71667
2.75
0.45
2.8
0.383333
2.73333
3.9
2.78333
1.2
4.15
4.55
2.76667
2.8
6.63333
2.86667
2.75
2.78333
6.45
2.88333
2.63333
2.83333
0.433333
4.45
4.33333
2.81667
1.36667
0.433333
2.86667
1.46667
2.88333
2.8
2.85
4.55
6.46667
2.81667
6.46667
4.45
2.85
1.05
2.91667
0.6
3.25
1.8
2.9
1.56667
4.81667
1.65
4.95
1.66667
2.95
1.63333
3.2
1.31667
2.93333
0.533333
3.1
0.65
2.98333
0.55
3.15
0.583333
2.96667
3.01667
0.65
3.28333
0.6
3
0.716667
3.33333
0.616667
3.46667
0.7
3.05
0.733333
6.8
3.06667
3.03333
3.55
6.85
3.05
3.08333
4.35
3.13333
0.533333
3.06667
1.33333
3.11667
2.96667
3.38333
3.15
3.1
3.13333
6.93333
3.16667
3.08333
3.11667
6.85
3.18333
3.16667
2.98333
3.23333
3.1
3.15
3.18333
7.03333
3.11667
1.33333
3.16667
4.36667
3.13333
4.91667
2.95
3.21667
4.95
7.13333
3.23333
3.2
7.1
7.03333
3.21667
3.15
6.91667
3.3
4.81667
3.26667
2.9
3.31667
7.23333
3.25
3.28333
3.33333
3.35
3
3.26667
3.25
2.18333
3.31667
1.05
3.26667
5.75
3.3
3.33333
3.28333
3.48333
3.01667
3.31667
7.3
3.28333
3.36667
7.23333
7.35
3.38333
3.35
7.31667
6.93333
3.36667
3.1
6.9
2.43333
3.41667
6.2
3.45
0.733333
3.4
3.56667
3.46667
3.45
1.06667
3.51667
2.43333
3.43333
3.46667
7.41667
3.4
3.03333
3.45
6.8
3.41667
7.28333
3.33333
3.5
5.75
7.51667
3.51667
3.48333
7.48333
7.41667
3.5
3.43333
6.18333
3.6
2.61667
3.55
0.75
6.86667
4.35
3.53333
3.05
0.75
3.58333
3.41667
3.6
2.7
3.56667
6.5
6.43333
3.53333
6.43333
6.86667
3.56667
3.71667
1.15
3.63333
0.833333
5.3
2.5
3.61667
1.95
0.833333
3.66667
2.06667
3.71667
3.68333
3.65
5.46667
4.08333
3.66667
3.7
3.8
4.06667
0.85
3.68333
0.916667
3.73333
3.61667
4.08333
5.3
3.65
1.15
4.06667
1.23333
3.7
3.85
5.13333
3.76667
1.76667
3.86667
3.95
3.75
1.01667
1.76667
3.83333
0.9
3.85
5.46667
3.81667
3.68333
7.73333
7.9
3.8
3.83333
7.91667
5.18333
3.78333
3.81667
7.81667
3.75
7.81667
3.86667
3.78333
3.76667
7.85
3.85
3.88333
1.01667
3.93333
0.95
3.86667
2.76667
3.91667
1.18333
4.1
4.56667
3.9
3.93333
8.03333
4
3.88333
3.91667
7.85
4.01667
3.76667
3.96667
1
4.53333
5.05
3.95
1.71667
1
4
1.45
4.01667
3.93333
3.98333
4.56667
7.86667
3.95
7.86667
4.53333
3.98333
4.05
1.23333
4.13333
1.18333
4.03333
1.28333
4.18333
1.2
4.08333
3.73333
4.23333
3.68333
4.06667
3.71667
7.71667
3.66667
4.15
8.03333
4.11667
3.9
4.16667
8.25
4.1
4.13333
4.18333
4.2
4.03333
4.11667
4.1
6.63333
4.16667
2.76667
4.11667
8.26667
4.15
4.18333
4.13333
4.28333
4.05
4.16667
8.33333
4.13333
4.21667
8.25
8.43333
4.23333
4.2
8.4
7.71667
4.21667
4.06667
7.75
4.26667
2.6
4.31667
2.55
4.25
2.58333
6.31667
2.53333
8.31667
4.18333
4.3
8.26667
8.51667
4.31667
4.28333
8.48333
6.31667
4.3
4.25
6.35
4.43333
2.83333
4.35
1.35
6.88333
3.55
4.33333
3.06667
1.35
4.38333
3.18333
4.43333
4.4
4.36667
7.05
6.7
4.38333
4.41667
4.48333
6.68333
1.36667
4.4
1.43333
4.45
4.33333
6.7
6.88333
4.36667
2.83333
6.68333
2.88333
4.41667
1.71667
4.51667
1.41667
4.53333
7.05
4.5
4.4
8.61667
8.71667
4.48333
4.51667
8.73333
5.1
4.46667
4.5
8.08333
3.96667
8.08333
4.01667
4.46667
2.78333
4.56667
2.86667
6.66667
3.91667
4.55
4
8.06667
4.6
1.6
4.8
1.55
4.58333
1.66667
4.85
1.56667
4.98333
1.65
4.63333
1.68333
8.78333
4.65
4.61667
5.06667
8.83333
4.63333
4.66667
5.15
4.71667
1.5
4.65
1.73333
4.7
1.81667
4.9
2.08333
4.68333
4.71667
8.88333
4.73333
4.66667
4.7
8.83333
4.75
2.08333
4.75
5.55
4.7
1.73333
4.73333
5.16667
4.71667
4.81667
2.13333
4.78333
1.8
4.83333
5.6
4.76667
4.8
4.85
4.86667
4.58333
4.78333
4.76667
3.25
4.83333
2.91667
4.78333
7.18333
4.81667
4.85
4.8
5
4.6
4.83333
9.01667
4.8
4.88333
5.6
9.06667
4.9
4.86667
9.03333
8.88333
4.88333
4.68333
5.53333
3.2
4.93333
7.13333
4.96667
1.68333
4.91667
5.08333
4.98333
4.96667
2.93333
5.03333
3.2
4.95
4.98333
9.13333
4.91667
4.61667
4.96667
8.78333
4.93333
9
4.85
5.01667
7.18333
9.23333
5.03333
5
9.2
9.13333
5.01667
4.95
7.11667
5.11667
3.96667
5.06667
1.7
8.85
5.15
5.05
4.63333
1.7
5.1
4.93333
5.11667
4.51667
5.08333
8.71667
8.1
5.05
8.1
8.85
5.08333
5.2
3.75
5.15
1.75
8.86667
5.06667
5.13333
4.65
1.75
5.18333
4.75
5.2
3.83333
5.16667
7.9
7.83333
5.13333
7.83333
8.86667
5.16667
1.93333
5.23333
2.36667
5.28333
5.25
5.21667
6.03333
6.25
5.23333
5.26667
5.36667
6.26667
1.95
5.25
2.01667
5.3
2.5
6.25
2.58333
5.21667
3.63333
6.26667
3.71667
5.26667
5.41667
5.8
5.33333
2.26667
5.43333
5.51667
5.31667
2.11667
2.26667
5.4
2
5.41667
6.03333
5.38333
5.25
9.51667
9.63333
5.36667
5.4
9.65
5.85
5.35
5.38333
9.55
5.31667
9.55
5.43333
5.35
5.33333
9.58333
5.41667
5.45
2.11667
5.5
2.05
5.43333
3.8
5.48333
3.66667
7.68333
7.88333
5.46667
5.5
9.76667
5.56667
5.45
5.48333
9.58333
5.58333
5.33333
5.53333
2.1
8.95
9.03333
5.51667
4.9
2.1
5.56667
4.73333
5.58333
5.5
5.55
7.88333
9.6
5.51667
9.6
8.95
5.55
8.98333
4.78333
5.61667
4.86667
9.93333
5.63333
5.6
9.05
9.98333
5.61667
5.65
5.81667
5.7
2.15
5.63333
2.23333
5.68333
2.2
5.78333
2.38333
5.66667
5.7
10.0333
5.71667
5.65
5.68333
9.98333
5.73333
2.38333
5.73333
6.11667
5.68333
2.23333
5.71667
5.83333
5.7
7.25
3.31667
5.76667
3.48333
10.1167
5.78333
5.75
7.5
10.0333
5.76667
5.66667
6.1
5.86667
5.31667
5.81667
2.25
10.0167
9.05
5.8
5.63333
2.25
5.85
5.73333
5.86667
5.4
5.83333
9.63333
9.56667
5.8
9.56667
10.0167
5.83333
5.98333
6.16667
5.9
2.46667
6
6.08333
5.88333
2.41667
2.46667
5.96667
2.3
5.98333
2.66667
5.95
2.53333
6.28333
6.48333
5.93333
5.96667
10.35
6.21667
5.91667
5.95
10.2833
5.88333
10.2833
6
5.91667
5.9
10.3167
5.98333
6.01667
2.41667
6.06667
2.35
6
5.36667
6.05
5.23333
9.48333
9.61667
6.03333
6.06667
10.4667
6.13333
6.01667
6.05
10.3167
6.15
5.9
6.1
2.4
10.1
7.5
6.08333
5.78333
2.4
6.13333
5.71667
6.15
6.06667
6.11667
9.61667
10.3333
6.08333
10.3333
10.1
6.11667
6.23333
5.88333
6.18333
2.45
7.4
7.48333
6.16667
3.51667
2.45
6.21667
3.4
6.23333
5.96667
6.2
6.48333
10.3
6.16667
10.3
7.4
6.2
6.26667
5.28333
6.4
5.23333
6.25
5.3
7.8
5.25
6.33333
10.35
6.3
5.93333
6.35
10.8
6.28333
6.31667
4.31667
6.36667
4.26667
6.3
6.28333
6.51667
6.35
2.66667
6.3
8.48333
6.33333
4.31667
8.53333
6.31667
6.38333
10.8
10.9
6.4
6.36667
10.8667
7.8
6.38333
6.25
9.5
6.43333
2.71667
6.53333
2.7
6.41667
3.6
7.61667
3.58333
6.46667
2.73333
6.61667
2.8
6.45
2.88333
6.73333
2.86667
5.95
6.5
6.21667
10.4
2.68333
6.48333
3.58333
6.56667
6.56667
6.33333
6.55
2.68333
7.61667
6.58333
6.41667
6.55
7.6
10.8333
6.51667
6.53333
6.51667
10.4
7.6
6.5
10.9667
6.53333
6.6
10.8333
11.0833
6.61667
6.58333
8.35
6.73333
6.6
6.45
6.65
6.66667
4.15
6.65
2.78333
6.71667
8.35
6.63333
6.61667
6.63333
8.06667
6.71667
4.55
6.7
4.45
6.78333
4.4
6.68333
4.43333
8.6
4.38333
6.65
11.1333
6.66667
6.73333
6.61667
6.75
6.46667
6.71667
11.1
6.73333
6.76667
11.1333
11.25
6.78333
6.75
11.2167
8.6
6.76667
6.68333
8.63333
3.05
6.81667
3.46667
6.86667
6.83333
6.8
7.43333
7.56667
6.81667
6.85
6.95
7.58333
3.06667
6.83333
3.13333
6.88333
3.55
7.56667
3.6
6.8
4.35
7.58333
4.43333
6.85
7
7.31667
6.91667
3.38333
7.01667
7.1
6.9
3.23333
3.38333
6.98333
3.11667
7
7.43333
6.96667
6.83333
11.3333
11.45
6.95
6.98333
11.4667
7.36667
6.93333
6.96667
11.3667
6.9
11.3667
7.01667
6.93333
6.91667
11.4
7
7.03333
3.23333
7.08333
3.16667
7.01667
4.48333
7.06667
4.38333
8.56667
8.7
7.05
7.08333
11.5833
7.15
7.03333
7.06667
11.4
7.16667
6.91667
7.11667
3.21667
9.11667
9.2
7.1
5.03333
3.21667
7.15
4.91667
7.16667
7.08333
7.13333
8.7
11.4167
7.1
11.4167
9.11667
7.13333
8.96667
4.83333
7.2
5
11.75
7.21667
7.18333
9.21667
11.8
7.2
7.23333
7.33333
7.26667
3.26667
7.21667
3.35
5.75
7.26667
10.1167
7.28333
7.23333
7.25
11.8
7.3
3.48333
7.3
7.51667
7.25
3.35
7.28333
7.35
7.26667
7.38333
6.9
7.33333
3.36667
11.8333
9.21667
7.31667
7.21667
3.36667
7.36667
7.3
7.38333
6.98333
7.35
11.45
11.3833
7.31667
11.3833
11.8333
7.35
6.18333
10.6333
6.23333
7.41667
3.51667
7.46667
3.45
7.4
6.95
7.45
6.81667
11.3
11.4333
7.43333
7.46667
12
7.53333
7.41667
7.45
10.6333
7.55
6.18333
7.5
3.5
10.15
6.1
7.48333
5.76667
3.5
7.53333
7.28333
7.55
7.46667
7.51667
11.4333
10.65
7.48333
10.65
10.15
7.51667
7.58333
6.86667
7.66667
6.81667
7.56667
6.88333
8.68333
6.83333
6.55
10.9833
6.56667
7.61667
6.53333
7.63333
6.43333
7.6
10.95
7.61667
7.65
10.9833
12.1667
7.66667
7.63333
12.1333
8.68333
7.65
7.56667
11.3167
7.73333
9.76667
7.7
5.46667
7.75
12.2667
7.68333
7.71667
4.23333
7.76667
4.08333
7.7
7.68333
7.91667
7.75
3.8
7.7
8.4
7.73333
4.23333
8.45
7.71667
7.78333
12.2667
10.9167
7.8
7.76667
12.3333
6.4
7.78333
6.26667
9.53333
7.83333
3.85
7.93333
3.83333
7.81667
5.2
9.41667
5.18333
7.86667
3.86667
8.01667
3.93333
7.85
4.01667
8.13333
4
5.48333
7.9
5.56667
9.8
3.81667
7.88333
5.18333
7.96667
7.96667
7.73333
7.95
3.81667
9.41667
7.98333
7.81667
7.95
9.4
12.3
7.91667
7.93333
7.91667
9.8
9.4
7.9
12.4
7.93333
8
12.3
12.5167
8.01667
7.98333
8.2
8.13333
8
7.85
8.05
8.06667
4.1
8.05
3.91667
8.11667
8.2
8.03333
8.01667
8.03333
6.66667
8.11667
4.56667
8.1
4.53333
8.18333
4.51667
8.08333
5.11667
9.33333
5.1
8.05
11.1667
8.06667
8.13333
8.01667
8.15
7.86667
8.11667
12.5333
8.13333
8.16667
11.1667
12.6167
8.18333
8.15
12.5833
9.33333
8.16667
8.08333
8.75
12.55
8.05
8.21667
8
12.6667
8.23333
8.2
12.3167
12.7167
8.21667
8.25
8.41667
8.3
4.11667
8.23333
4.2
8.28333
4.16667
8.38333
4.28333
8.26667
8.3
12.7667
8.31667
8.25
8.28333
12.7167
8.33333
4.28333
8.33333
8.51667
8.28333
4.2
8.31667
8.43333
8.3
11.1167
6.65
8.36667
6.6
12.85
8.38333
8.35
10.85
12.7667
8.36667
8.26667
8.5
8.46667
7.75
8.41667
4.21667
12.75
12.3167
8.4
8.23333
4.21667
8.45
8.33333
8.46667
7.76667
8.43333
10.9167
12.2833
8.4
12.2833
12.75
8.43333
8.55
6.35
8.5
4.3
12.8333
10.85
8.48333
8.38333
4.3
8.53333
8.31667
8.55
6.36667
8.51667
10.9
10.8167
8.48333
10.8167
12.8333
8.51667
8.61667
11.5833
8.58333
7.05
8.63333
13.1833
8.56667
8.6
6.78333
8.65
6.7
8.58333
8.56667
8.73333
8.63333
4.48333
8.58333
11.2167
8.61667
6.78333
11.2667
8.6
8.66667
13.1833
12.1833
8.68333
8.65
13.2167
7.66667
8.66667
7.58333
11.35
7.06667
8.71667
7.15
11.6167
4.5
8.7
5.1
8.76667
8.76667
8.61667
8.75
4.5
9.31667
12.5833
8.73333
8.18333
8.73333
11.6167
9.31667
8.71667
4.63333
8.8
4.98333
8.85
8.81667
8.78333
9.15
9.28333
8.8
8.83333
8.9
9.3
4.65
8.81667
4.71667
8.86667
5.06667
9.28333
5.11667
8.78333
5.15
9.3
5.2
8.83333
4.9
8.93333
4.7
8.95
9.15
8.91667
8.81667
13.3833
13.4333
8.9
8.93333
13.45
9.08333
8.88333
8.91667
9.81667
5.53333
9.81667
5.58333
8.88333
7.18333
8.98333
11.75
9
5.6
8.96667
9.93333
9.01667
5
9.01667
9.23333
8.96667
4.86667
9
9.06667
8.98333
9.1
5.53333
9.05
4.88333
10
5.81667
9.03333
5.61667
4.88333
9.08333
9.01667
9.1
8.93333
9.06667
13.4333
9.83333
9.03333
9.83333
10
9.06667
7.11667
11.6333
7.16667
9.13333
5.03333
9.18333
4.96667
9.11667
8.9
9.16667
8.8
13.35
13.4167
9.15
9.18333
13.6167
9.25
9.13333
9.16667
11.6333
9.26667
7.11667
9.21667
5.01667
11.8167
7.33333
9.2
7.2
5.01667
9.25
9
9.26667
9.18333
9.23333
13.4167
11.65
9.2
11.65
11.8167
9.23333
9.3
8.85
9.38333
8.8
9.28333
8.86667
9.46667
8.81667
8.75
13.2667
8.76667
9.33333
8.18333
9.35
8.1
9.31667
12.6333
9.33333
9.36667
13.2667
13.7833
9.38333
9.35
13.75
9.46667
9.36667
9.28333
13.3667
7.95
12.4167
7.96667
9.41667
7.93333
9.43333
7.83333
9.4
12.3833
9.41667
9.45
12.4167
13.8
9.46667
9.43333
13.8333
9.38333
9.45
9.3
13.4
9.51667
10.4667
9.5
6.03333
9.53333
10.8667
9.48333
6.4
9.48333
9.65
9.53333
5.36667
9.5
12.3333
9.51667
7.8
9.56667
5.41667
9.66667
5.4
9.55
5.86667
10.2167
5.85
9.6
5.43333
9.75
5.5
9.58333
5.58333
9.86667
5.56667
6.05
9.63333
6.13333
10.5
5.38333
9.61667
5.85
9.7
9.7
9.51667
9.68333
5.38333
10.2167
9.71667
9.55
9.68333
10.2
13.9167
9.65
9.66667
9.65
10.5
10.2
9.63333
13.9667
9.66667
9.73333
13.9167
14.0833
9.75
9.71667
12.2167
9.86667
9.73333
9.58333
9.78333
9.8
7.68333
9.78333
5.48333
9.85
12.2167
9.76667
9.75
9.76667
7.96667
9.85
7.88333
9.83333
8.95
9.91667
8.93333
9.81667
9.1
13.55
9.08333
9.78333
12.4667
9.8
9.86667
9.75
9.88333
9.6
9.85
14.1
9.86667
9.9
12.4667
14.1833
9.91667
9.88333
14.15
13.55
9.9
9.81667
13.4667
5.61667
9.95
8.98333
10
9.96667
9.93333
13.5
10.1833
9.95
9.98333
10.05
10.1667
5.63333
9.96667
5.7
10.0167
9.05
10.1833
9.1
9.93333
5.81667
10.1667
5.86667
9.98333
5.78333
10.0833
5.68333
10.1
13.5
10.0667
9.96667
14.2667
11.8667
10.05
10.0833
14.3
10.1333
10.0333
10.0667
10.5167
6.1
10.5167
6.15
10.0333
5.76667
10.1333
7.25
10.15
10.0833
10.1167
11.8667
10.5333
7.5
10.5333
7.55
10.1167
10.1833
10.0167
10.2667
9.96667
10.1667
10
13.6
9.95
9.68333
13.9833
9.7
10.2167
9.66667
10.2333
9.56667
10.2
13.95
10.2167
10.25
13.9833
14.4
10.2667
10.2333
14.3667
13.6
10.25
10.1667
14.2833
10.3
5.98333
10.3667
5.96667
10.2833
6.23333
10.6833
6.21667
10.3333
6
10.45
6.06667
10.3167
6.15
10.5667
6.13333
10.4
6.28333
10.3833
5.95
10.6833
10.4167
10.2833
10.3833
10.6667
10.75
10.35
10.3667
10.35
6.56667
10.6667
6.48333
14.4667
10.3667
10.4333
10.75
14.5167
10.45
10.4167
13.8833
10.5667
10.4333
10.3167
10.4833
10.5
9.48333
10.4833
6.05
10.55
13.8833
10.4667
10.45
10.4667
9.7
10.55
9.61667
10.5333
10.1
10.6167
10.0833
10.5167
10.15
12.1167
10.1333
10.4833
14.0333
10.5
10.5667
10.45
10.5833
10.3333
10.55
14.5333
10.5667
10.6
14.0333
14.6167
10.6167
10.5833
14.5833
12.1167
10.6
10.5167
14.3167
10.65
7.4
10.7333
7.46667
10.6333
7.55
12.0667
7.53333
10.3833
11.0333
10.4
10.6833
10.3667
10.7
10.3
10.6667
14.45
10.6833
10.7167
11.0333
14.7
10.7333
10.7
14.6667
12.0667
10.7167
10.6333
12.0167
14.5
10.3833
10.7667
10.4167
14.75
10.7833
10.75
13.9
13.0667
10.7667
10.8
10.8833
10.8167
6.3
10.7833
6.36667
10.8
8.55
13.0667
8.53333
11.0167
6.55
10.85
6.58333
12.8833
8.5
10.8333
8.36667
10.9333
9.5
10.8833
6.38333
13.05
13.9
10.8667
10.7833
6.38333
10.9167
8.53333
10.9333
7.78333
10.9
8.45
12.3667
10.8667
12.3667
13.05
10.9
7.63333
10.9667
12.1667
11
6.58333
10.95
11.0833
11.0167
11
7.6
11.0667
7.63333
10.9833
11.0167
14.9
10.95
10.8333
11
12.8833
10.9667
14.4833
10.6667
11.05
10.7
14.9667
11.0667
11.0333
14.6833
14.9
11.05
10.9833
12.15
6.6
11.1
10.9667
11.1167
6.75
11.0833
11.25
11.15
8.35
11.15
12.85
11.0833
11.15
6.71667
11.2
6.75
11.1333
11.1167
15.0333
11.1
12.5667
8.11667
11.1833
8.15
15.1
11.2
11.1667
12.6
15.0333
11.1833
11.1333
11.2333
11.2833
8.63333
11.2333
6.76667
15.0167
12.6
11.2167
11.2
6.76667
11.2667
11.1
11.2833
8.65
11.25
12.1833
13.2
11.2167
13.2
15.0167
11.25
11.3333
12
11.3167
7.43333
11.35
12.1333
11.3
7.66667
11.3
11.4667
11.35
6.95
11.3167
13.2167
11.3333
8.68333
11.3833
7
11.4833
6.98333
11.3667
7.38333
11.9333
7.36667
11.4167
7.01667
11.5667
7.08333
11.4
7.16667
11.6833
7.15
7.45
11.45
7.53333
12.0333
6.96667
11.4333
7.36667
11.5167
11.5167
11.3333
11.5
6.96667
11.9333
11.5333
11.3667
11.5
11.9167
15.2667
11.4667
11.4833
11.4667
12.0333
11.9167
11.45
15.3167
11.4833
11.55
15.2667
15.4333
11.5667
11.5333
13.1333
11.6833
11.55
11.4
11.6
11.6167
8.56667
11.6
7.06667
11.6667
13.1333
11.5833
11.5667
11.5833
8.76667
11.6667
8.7
11.65
9.11667
11.7333
9.18333
11.6333
9.26667
13.6833
9.25
11.6
13.3
11.6167
11.6833
11.5667
11.7
11.4167
11.6667
15.45
11.6833
11.7167
13.3
15.5333
11.7333
11.7
15.5
13.6833
11.7167
11.6333
13.6333
7.2
11.7667
8.96667
11.8167
11.7833
11.75
13.5167
11.9
11.7667
11.8
11.85
11.8833
7.21667
11.7833
7.26667
11.8333
9.21667
11.9
9.26667
11.75
7.33333
11.8833
7.38333
11.8
13.5167
11.8667
11.7833
15.6167
10.0667
11.85
10.1333
14.3333
11.9
11.8333
11.9833
11.7833
11.8833
11.8167
13.7333
11.7667
11.5
15.3333
11.5167
11.9333
11.4833
11.95
11.3833
11.9167
15.3
11.9333
11.9667
15.3333
15.6833
11.9833
11.95
15.65
13.7333
11.9667
11.8833
15.6333
12.0333
11.3
12.0167
7.45
12.05
14.6667
12
10.7333
12
11.5167
12.05
11.4333
12.0167
15.3833
12.0333
12.0667
10.7333
12.0833
10.65
12.05
14.7167
12.0667
12.1
15.3833
14.6333
12.1167
12.0833
15.75
10.6167
12.1
10.5333
14.35
12.2
11.3167
12.15
7.65
14.8833
14.6833
12.1333
11.0667
7.65
12.1833
10.95
12.2
8.66667
12.1667
11.2667
13.25
12.1333
13.25
14.8833
12.1667
14.1167
9.78333
12.2333
9.73333
15.8833
12.25
12.2167
13.9333
12.95
12.2333
12.2667
12.35
12.2833
7.7
12.25
7.76667
12.2667
8.46667
12.95
8.45
12.45
7.95
12.3167
7.98333
12.7333
8.41667
12.3
8.21667
12.3667
9.53333
12.35
7.78333
12.9333
13.9333
12.3333
12.25
12.3333
10.9333
12.9333
10.9167
9.43333
12.4
13.8
12.4333
7.98333
12.3833
12.5167
12.45
12.4333
9.4
12.5
9.43333
12.4167
12.45
15.9667
12.3833
12.3
12.4333
12.7333
12.4
14.1333
9.85
12.4833
9.88333
16.0333
12.5
12.4667
14.1667
15.9667
12.4833
12.4167
13.85
8
12.5333
12.4
12.55
8.15
12.5167
12.6167
12.5667
8.2
12.5667
12.6667
12.5167
11.1667
12.55
15.1
12.5333
12.65
8.75
12.6
8.16667
15.1333
11.2333
12.5833
11.1833
8.16667
12.6333
12.5333
12.65
9.35
12.6167
13.7833
13.2833
12.5833
13.2833
15.1333
12.6167
8.21667
12.6833
12.55
12.7333
12.7
12.6667
16.1
12.9167
12.6833
12.7167
12.7833
12.9
8.23333
12.7
8.3
12.75
12.3167
12.9167
12.45
12.6667
8.41667
12.9
8.46667
12.7167
8.38333
12.8167
8.28333
12.8333
16.1
12.8
12.7
16.2333
15.0833
12.7833
12.8167
16.2667
12.8667
12.7667
12.8
13.0167
8.5
13.0167
8.55
12.7667
8.36667
12.8667
11.1167
12.8833
12.8167
12.85
15.0833
13.0333
10.85
13.0333
11.0167
12.85
12.9167
12.75
13
12.7
12.9
12.7333
15.9833
12.6833
12.35
14.8333
12.3667
12.95
12.25
12.9667
12.2833
12.9333
15.9
12.95
12.9833
14.8333
16.3667
13
12.9667
16.3333
15.9833
12.9833
12.9
16.25
13.0333
12.8333
13.1167
12.8167
13.0167
12.8833
14.9167
12.8667
10.8833
14.8
10.9333
13.0667
10.7833
13.0833
10.8167
13.05
14.7667
13.0667
13.1
14.8
16.45
13.1167
13.0833
16.4167
14.9167
13.1
13.0167
16.2833
15.4667
11.6
13.15
11.55
16.5
13.1667
13.1333
15.2833
15.2
13.15
13.1833
13.2333
13.2
8.58333
13.1667
8.65
13.1833
11.2833
15.2
11.2667
13.25
11.35
13.2333
8.66667
15.1833
15.2833
13.2167
13.1667
13.2167
12.2
15.1833
12.1833
13.2833
9.31667
13.3333
9.35
13.2667
12.65
16.1333
12.6333
15.4833
11.6667
13.3167
11.7
16.5667
13.3333
13.3
15.5167
16.1333
13.3167
13.2667
13.7667
13.3833
13.6167
13.3667
9.15
13.4
13.75
13.35
9.38333
13.35
13.45
13.4
8.9
13.3667
13.8333
13.3833
9.46667
9.16667
13.4333
9.25
13.65
8.91667
13.4167
9.08333
13.4833
13.4833
13.3833
13.4667
8.91667
13.5333
14.15
13.45
9.91667
13.45
13.65
13.5333
13.4333
10.05
13.5167
9.95
14.2333
11.85
13.5
11.7667
15.5833
13.4667
16.6167
13.4833
13.55
9.91667
13.5667
9.83333
13.5333
14.2
13.55
13.5833
16.6167
14.4167
13.6
13.5667
16.7
10.2667
13.5833
10.1833
14.25
13.65
13.35
13.6333
9.16667
13.6667
15.5
13.6167
11.7333
13.6167
13.4833
13.6667
13.4167
13.6333
16.65
13.65
13.6833
11.7333
13.7
11.65
13.6667
15.55
13.6833
13.7167
16.65
15.7
13.7333
13.7
16.7667
11.9833
13.7167
11.9
15.6
13.8167
13.3667
13.7667
9.36667
16.1167
15.5167
13.75
13.3333
9.36667
13.8
12.6333
13.8167
9.45
13.7833
12.3833
13.8667
13.75
13.8667
16.1167
13.7833
13.8667
13.4
13.85
9.45
15.95
14.1667
13.8333
12.5
13.8333
13.8167
15.95
13.8
14.55
10.4833
13.9
10.4333
14.7833
10.8833
13.8833
10.7667
14.0167
9.68333
13.9333
9.71667
15.9167
12.35
13.9167
12.2333
10.2333
13.9667
14.4
14
9.71667
13.95
14.0833
14.0167
14
10.2
14.0667
10.2333
13.9833
14.0167
16.9333
13.95
13.9167
14
15.9167
13.9667
14.5667
10.55
14.05
10.5833
17
14.0667
14.0333
14.6
16.9333
14.05
13.9833
14.3833
9.73333
14.1
13.9667
14.1167
9.88333
14.0833
14.1833
14.1333
12.2167
14.1333
15.8833
14.0833
12.4667
14.1167
16.0333
14.1
14.2167
13.4667
14.1667
9.9
16.0667
13.85
14.15
12.4833
9.9
14.2
14.1
14.2167
13.5667
14.1833
14.4167
16.6333
14.15
16.6333
16.0667
14.1833
14.2667
15.5833
14.25
13.5
14.2833
16.7
14.2333
13.6
14.2333
14.3
14.2833
10.05
14.25
14.3667
14.2667
10.2667
14.3333
14.2667
14.3167
10.0667
14.35
14.5833
14.3
10.6167
14.3
15.6167
14.35
11.8667
14.3167
15.75
14.3333
12.1167
14.4333
14.2833
14.3833
10.25
16.9167
14.6
14.3667
14.0667
10.25
14.4167
13.95
14.4333
13.5833
14.4
14.2
16.7333
14.3667
16.7333
16.9167
14.4
10.7
14.4667
14.7
14.4833
10.4167
14.45
14.5167
14.5
11.0333
14.5
14.9667
14.45
10.75
14.4833
14.75
14.4667
10.4333
14.5333
14.4667
14.55
10.5833
14.5167
14.6167
14.5667
13.8833
14.5667
14.7833
14.5167
14.0333
14.55
17
14.5333
14.65
14.3167
14.6
10.6
17.0333
14.3833
14.5833
14.05
10.6
14.6333
14.5333
14.65
12.1
14.6167
14.7167
15.7833
14.5833
15.7833
17.0333
14.6167
14.7333
12.0167
14.6833
10.7167
15
12.15
14.6667
11.05
10.7167
14.7167
14.45
14.7333
12.0833
14.7
14.6333
15.7333
14.6667
15.7333
15
14.7
10.7667
14.7667
14.5
14.7833
13.0833
14.75
16.45
14.8167
13.9
14.8167
14.55
14.75
14.8167
13.05
14.8667
13.0833
14.8
14.7833
17.2333
14.7667
15.9333
12.9333
14.85
12.9667
16.95
14.8667
14.8333
16.35
17.2333
14.85
14.8
16.4333
12.15
15.8
12.2
14.9
11.0667
14.95
11
14.8833
13.1167
14.9333
13.0333
16.3167
16.4667
14.9167
14.95
17.4167
14.9833
14.9
14.9333
15.8
11.05
14.9833
14.4833
15
14.95
14.9667
16.4667
15.8167
14.6833
15.8167
14.7333
14.9667
11.2333
15.15
11.2833
15.0333
11.2
15.05
11.15
15.0167
15.1167
15.0333
15.0667
15.15
16.0833
15.0833
15.05
17.4833
12.8
15.0667
12.8667
16.3
11.1833
15.1167
12.5667
15.1333
15.05
15.1
16.0833
15.1667
12.6
15.1667
12.65
15.1
15.1667
15.0167
15.25
15.05
15.15
15.1333
16.1833
15.1167
13.2333
15.8333
13.25
15.2
13.1667
15.2167
13.2
15.1833
16.5167
15.2
15.2333
15.8333
17.5833
15.25
15.2167
17.55
16.1833
15.2333
15.15
17.5
15.3667
11.5
15.2833
11.5333
16.5333
13.2333
15.2667
13.15
11.95
15.3167
15.6833
15.35
11.5333
15.3
15.4333
15.3667
15.35
11.9167
15.4167
11.95
15.3333
15.3667
17.65
15.3
15.2667
15.35
16.5333
15.3167
15.7333
12.05
15.4
12.0833
17.25
15.4167
15.3833
15.7667
17.65
15.4
15.3333
15.6667
11.55
15.45
15.3167
15.4667
11.7
15.4333
15.5333
15.4833
13.1333
15.4833
16.5
15.4333
13.3
15.4667
16.5667
15.45
15.5667
13.6333
15.5167
11.7167
16.6
13.7667
15.5
13.3167
11.7167
15.55
15.45
15.5667
13.7
15.5333
15.7
16.75
15.5
16.75
16.6
15.5333
15.6167
14.2333
15.6
13.5167
15.6333
16.7667
15.5833
13.7333
15.5833
14.3333
15.6333
11.85
15.6
15.65
15.6167
11.9833
15.7167
15.6333
15.6667
11.9667
17.6333
15.7667
15.65
15.4167
11.9667
15.7
15.3
15.7167
13.7167
15.6833
15.55
16.8
15.65
16.8
17.6333
15.6833
15.3833
14.7333
17.25
14.7167
15.7833
14.35
15.7667
12.1
17.2667
15.6667
15.75
15.4
15.75
14.65
17.2667
14.6333
15.8167
14.8833
15.8667
14.95
15.8
15
17.3667
14.9833
16.55
15.1833
15.85
15.2167
17.6667
15.8667
15.8333
17.5667
17.3667
15.85
15.8
17.4333
12.2333
15.9
14.1167
15.9167
12.9667
15.8833
16.3667
15.9333
13.9333
15.9333
14.0167
15.8833
14.8333
15.9167
16.95
15.9
13.85
16.85
13.8667
15.9667
12.5
16.0167
12.4333
15.95
13
16
12.9167
16.2167
16.3833
15.9833
16.0167
17.8833
16.05
15.9667
16
16.85
12.4833
16.05
14.1333
16.0667
16.0167
16.0333
16.3833
16.9
14.1667
16.9
14.2167
16.0333
15.0667
16.1
15.1167
17.5167
12.7833
16.0833
12.6833
16.2
13.7667
16.8167
13.8167
16.1333
13.3333
16.15
13.2833
16.1167
16.5833
16.1333
16.1667
16.8167
17.6
16.1833
16.15
17.95
15.25
16.1667
15.1667
17.5333
16.2333
17.5167
16.2167
16.1
16.25
17.8833
16.2
15.9833
16.2
16.2667
16.25
12.7833
16.2167
16.3333
16.2333
13
16.3
16.2333
16.2833
12.8
16.3167
16.4167
16.2667
13.1167
16.2667
17.4833
16.3167
15.0833
16.2833
17.4167
16.3
14.9167
16.4
16.25
16.35
12.9833
17.4
16.4333
16.3333
14.85
12.9833
16.3833
15.9
16.4
16
16.3667
16.05
17.9167
16.3333
17.9167
17.4
16.3667
16.4833
16.2833
16.4333
13.1
17.3833
16.35
16.4167
14.8667
13.1
16.4667
14.7667
16.4833
14.9333
16.45
14.9833
17.45
16.4167
17.45
17.3833
16.45
13.15
16.5167
15.4667
16.5333
15.2167
16.5
17.5833
16.55
15.2833
16.55
15.3667
16.5
15.8333
16.5333
17.6667
16.5167
13.3167
16.5833
15.4833
16.6
16.15
16.5667
17.6
16.8333
15.5167
16.8333
15.5667
16.5667
16.6333
13.5333
16.6833
13.5667
16.6167
14.2167
17.0667
14.2
16.75
13.6667
16.6667
13.7
17.7333
16.6833
16.65
16.7833
17.0667
16.6667
16.6167
16.7167
16.7333
14.25
16.7167
13.5833
17.05
16.7833
16.7
16.6833
16.7
14.4333
17.05
14.4167
16.65
15.5667
17.7333
15.55
16.8
15.6
16.7833
13.7167
17.7167
16.7167
16.7667
16.6667
16.7667
15.7167
17.7167
15.7
16.8333
16.1167
16.8833
16.15
16.8167
16.6
17.7833
16.5833
16.9
15.95
16.8667
16.0167
17.1167
16.8833
16.85
17.9
17.7833
16.8667
16.8167
17.9667
16.85
16.0667
17.1167
16.05
14.3833
17.1333
14.4333
16.9333
14.0667
16.9833
14
16.9167
14.85
16.9667
15.9333
17.4
17.2167
16.95
16.9833
18
17.0167
16.9333
16.9667
17.1333
14.05
17.0167
14.5667
17.0333
16.9833
17
17.2167
17.15
14.6
17.15
14.65
17
16.7167
17.1667
16.7333
17.0667
16.6833
17.0833
16.6333
17.05
17.75
17.0667
17.1
17.1667
17.7667
17.1167
17.0833
18.0333
16.8667
17.1
16.9
17.9333
17.15
16.9167
17.2
16.9833
17.1333
17.0333
17.3167
17.0167
17.8167
17.05
17.1833
17.0833
17.8333
17.2
17.1667
18.05
17.3167
17.1833
17.1333
18.0667
16.9667
17.2333
17.0167
18.0167
14.8667
17.2167
14.8167
17.3833
15.4
17.3333
15.7333
17.2667
15.7667
17.2833
15.7833
17.25
17.8
17.2667
17.3
17.3333
17.85
17.3167
17.2833
18.1
17.2
17.3
17.15
18.1167
17.7
17.25
17.35
17.2833
17.6833
17.3667
17.3333
18.0833
15.8667
17.35
15.8167
17.4667
16.4333
18.0167
16.4833
17.2333
16.35
18
16.4
16.95
17.45
16.3167
17.4333
14.9333
17.4667
17.5667
17.4167
15.8667
17.4167
16.4833
17.4667
16.4667
17.4333
18.0833
17.45
17.3667
17.5167
16.3
17.5
15.0667
17.5333
17.55
17.4833
15.25
17.4833
16.2
17.5333
16.0833
17.5
17.95
17.5167
16.1833
17.6167
17.5
17.5667
15.2333
17.8667
17.4333
17.55
15.85
15.2333
17.6
16.5167
17.6167
16.1667
17.5833
16.5833
17.9833
17.55
17.9833
17.8667
17.5833
15.6667
17.8
15.7167
17.65
15.4167
17.7
15.35
17.6333
15.85
17.6833
16.55
17.8667
17.35
17.6667
17.7
18.2
17.3333
17.65
17.6833
17.8
16.7833
17.8167
16.8
17.7333
16.6667
17.75
16.75
17.7167
17.0833
17.7333
17.7667
17.8167
17.1
17.7833
17.75
18.15
16.8833
17.7667
16.8333
18.1333
17.2833
17.6333
17.85
17.7
17.1667
17.7167
17.8333
17.75
17.1833
17.85
17.8167
18.1667
17.3
17.8333
17.8
18.1833
17.5667
18.2
17.6167
17.6667
17.9167
16.2167
17.9
16
17.9333
17.9667
17.8833
16.8667
17.8833
16.4
17.9333
16.3833
17.9
18.0333
17.9167
17.1167
17.9833
17.5333
17.9667
16.1667
18.1333
17.9
17.95
16.8833
17.95
17.6167
18.1333
17.6
18.0167
17.4
18.0667
16.9667
18
17.3833
18.1167
17.2167
18.15
17.9333
18.05
17.1
18.1667
18.0667
18.0333
17.1833
18.1167
18.05
18
17.2
18.2
17.4667
18.1
17.35
18.1833
18.1167
18.0833
17.3
18.0667
18.1
18.0167
17.3167
17.9667
18.15
17.9833
17.7833
18.0333
18.1333
18.1667
17.7667
18.05
18.1833
18.15
17.8333
18.1
18.1667
18.2
17.85
18.0833
17.8667
18.1833
17.6833
18.0833
17.8667
18.1833
17.6833
0
0
0
0
0
0
0
0
0
0
0
0
0
0
0
0
0
0
0
0
0
0
0
0
0
0
0
0
0
0
0
0
0
0
0
0
0
0
0
0
0
0
0
0
0
0
0
0
0
0
0
0
0
0
0
0
0
0
0
0
0
0
0
0
0
0
0
0
0
0
0
0
0
0
0
0
0
0
0
0
0
0
0
0
0
0
0
0
0
0
0
0
0
0
0
0
0
0
0
0
0
0
0
0
0
0
0
0
0
0
0
0
0
0
0
0
0
0
0
0
0
0
0
0
0
0
0
0
0
0
0
0
0
0
0
0
0
0
0
0
0
0
0
0
0
0
0
0
0
0
0
0
0
0
0
0
0
0
0
0
0
0
0
0
0
0
0
0
0
0
0
0
0
0
0
0
0
0
0
0
0
0
0
0
0
0
0
0
0
0
0
0
0
0
0
0
0
0
0
0
0
0
0
0
0
0
0
0
0
0
0
0
0
0
0
0
0
0
0
0
0
0
0
0
0
0
0
0
0
0
0
0
0
0
0
0
0
0
0
0
0
0
0
0
0
0
0
0
0
0
0
0
0
0
0
0
0
0
0
0
0
0
0
0
0
0
0
0
0
0
0
0
0
0
0
0
0
0
0
0
0
0
0
0
0
0
0
0
0
0
0
0
0
0
0
0
0
0
0
0
0
0
0
0
0
0
0
0
0
0
0
0
0
0
0
0
0
0
0
0
0
0
0
0
0
0
0
0
0
0
0
0
0
0
0
0
0
0
0
0
0
0
0
0
0
0
0
0
0
0
0
0
0
0
0
0
0
0
0
0
0
0
0
0
0
0
0
0
0
0
0
0
0
0
0
0
0
0
0
0
0
0
0
0
0
0
0
0
0
0
0
0
0
0
0
0
0
0
0
0
0
0
0
0
0
0
0
0
0
0
0
0
0
0
0
0
0
0
0
0
0
0
0
0
0
0
0
0
0
0
0
0
0
0
0
0
0
0
0
0
0
0
0
0
0
0
0
0
0
0
0
0
0
0
0
0
0
0
0
0
0
0
0
0
0
0
0
0
0
0
0
0
0
0
0
0
0
0
0
0
0
0
0
0
0
0
0
0
0
0
0
0
0
0
0
0
0
0
0
0
0
0
0
0
0
0
0
0
0
0
0
0
0
0
0
0
0
0
0
0
0
0
0
0
0
0
0
0
0
0
0
0
0
0
0
0
0
0
0
0
0
0
0
0
0
0
0
0
0
0
0
0
0
0
0
0
0
0
0
0
0
0
0
0
0
0
0
0
0
0
0
0
0
0
0
0
0
0
0
0
0
0
0
0
0
0
0
0
0
0
0
0
0
0
0
0
0
0
0
0
0
0
0
0
0
0
0
0
0
0
0
0
0
0
0
0
0
0
0
0
0
0
0
0
0
0
0
0
0
0
0
0
0
0
0
0
0
0
0
0
0
0
0
0
0
0
0
0
0
0
0
0
0
0
0
0
0
0
0
0
0
0
0
0
0
0
0
0
0
0
0
0
0
0
0
0
0
0
0
0
0
0
0
0
0
0
0
0
0
0
0
0
0
0
0
0
0
0
0
0
0
0
0
0
0
0
0
0
0
0
0
0
0
0
0
0
0
0
0
0
0
0
0
0
0
0
0
0
0
0
0
0
0
0
0
0
0
0
0
0
0
0
0
0
0
0
0
0
0
0
0
0
0
0
0
0
0
0
0
0
0
0
0
0
0
0
0
0
0
0
0
0
0
0
0
0
0
0
0
0
0
0
0
0
0
0
0
0
0
0
0
0
0
0
0
0
0
0
0
0
0
0
0
0
0
0
0
0
0
0
0
0
0
0
0
0
0
0
0
0
0
0
0
0
0
0
0
0
0
0
0
0
0
0
0
0
0
0
0
0
0
0
0
0
0
0
0
0
0
0
0
0
0
0
0
0
0
0
0
0
0
0
0
0
0
0
0
0
0
0
0
0
0
0
0
0
0
0
0
0
0
0
0
0
0
0
0
0
0
0
0
0
0
0
0
0
0
0
0
0
0
0
0
0
0
0
0
0
0
0
0
0
0
0
0
0
0
0
0
0
0
0
0
0
0
0
0
0
0
0
0
0
0
0
0
0
0
0
0
0
0
0
0
0
0
0
0
0
0
0
0
0
0
0
0
0
0
0
0
0
0
0
0
0
0
0
0
0
0
0
0
0
0
0
0
0
0
0
0
0
0
0
0
0
0
0
0
0
0
0
0
0
0
0
0
0
0
0
0
0
0
0
0
0
0
0
0
0
0
0
0
0
0
0
0
0
0
0
0
0
0
0
0
0
0
0
0
0
0
0
0
0
0
0
0
0
0
0
0
0
0
0
0
0
0
0
0
0
0
0
0
0
0
0
0
0
0
0
0
0
0
0
0
0
0
0
0
0
0
0
0
0
0
0
0
0
0
0
0
0
0
0
0
0
0
0
0
0
0
0
0
0
0
0
0
0
0
0
0
0
0
0
0
0
0
0
0
0
0
0
0
0
0
0
0
0
0
0
0
0
0
0
0
0
0
0
0
0
0
0
0
0
0
0
0
0
0
0
0
0
0
0
0
0
0
0
0
0
0
0
0
0
0
0
0
0
0
0
0
0
0
0
0
0
0
0
0
0
0
0
0
0
0
0
0
0
0
0
0
0
0
0
0
0
0
0
0
0
0
0
0
0
0
0
0
0
0
0
0
0
0
0
0
0
0
0
0
0
0
0
0
0
0
0
0
0
0
0
0
0
0
0
0
0
0
0
0
0
0
0
0
0
0
0
0
0
0
0
0
0
0
0
0
0
0
0
0
0
0
0
0
0
0
0
0
0
0
0
0
0
0
0
0
0
0
0
0
0
0
0
0
0
0
0
0
0
0
0
0
0
0
0
0
0
0
0
0
0
0
0
0
0
0
0
0
0
0
0
0
0
0
0
0
0
0
0
0
0
0
0
0
0
0
0
0
0
0
0
0
0
0
0
0
0
0
0
0
0
0
0
0
0
0
0
0
0
0
0
0
0
0
0
0
0
0
0
0
0
0
0
0
0
0
0
0
0
0
0
0
0
0
0
0
0
0
0
0
0
0
0
0
0
0
0
0
0
0
0
0
0
0
0
0
0
0
0
0
0
0
0
0
0
0
0
0
0
0
0
0
0
0
0
0
0
0
0
0
0
0
0
0
0
0
0
0
0
0
0
0
0
0
0
0
0
0
0
0
0
0
0
0
0
0
0
0
0
0
0
0
0
0
0
0
0
0
0
0
0
0
0
0
0
0
0
0
0
0
0
0
0
0
0
0
0
0
0
0
0
0
0
0
0
0
0
0
0
0
0
0
0
0
0
0
0
0
0
0
0
0
0
0
0
0
0
0
0
0
0
0
0
0
0
0
0
0
0
0
0
0
0
0
0
0
0
0
0
0
0
0
0
0
0
0
0
0
0
0
0
0
0
0
0
0
0
0
0
0
0
0
0
0
0
0
0
0
0
0
0
0
0
0
0
0
0
0
0
0
0
0
0
0
0
0
0
0
0
0
0
0
0
0
0
0
0
0
0
0
0
0
0
0
0
0
0
0
0
0
0
0
0
0
0
0
0
0
0
0
0
0
0
0
0
0
0
0
0
0
0
0
0
0
0
0
0
0
0
0
0
0
0
0
0
0
0
0
0
0
0
0
0
0
0
0
0
0
0
0
0
0
0
0
0
0
0
0
0
0
0
0
0
0
0
0
0
0
0
0
0
0
0
0
0
0
0
0
0
0
0
0
0
0
0
0
0
0
0
0
0
0
0
0
0
0
0
0
0
0
0
0
0
0
0
0
0
0
0
0
0
0
0
0
0
0
0
0
0
0
0
0
0
0
0
0
0
0
0
0
0
0
0
0
0
0
0
0
0
0
0
0
0
0
0
0
0
0
0
0
0
0
0
0
0
0
0
0
0
0
0
0
0
0
0
0
0
0
0
0
0
0
0
0
0
0
0
0
0
0
0
0
0
0
0
0
0
0
0
0
0
0
0
0
0
0
0
0
0
0
0
0
0
0
0
0
0
0
0
0
0
0
0
0
0
0
0
0
0
0
0
0
0
0
0
0
0
0
0
0
0
0
0
0
0
0
0
0
0
0
0
0
0
0
0
0
0
0
0
0
0
0
0
0
0
0
0
0
0
0
0
0
0
0
0
0
0
0
0
0
0
0
0
0
0
0
0
0
0
0
0
0
0
0
0
0
0
0
0
0
0
0
0
0
0
0
0
0
0
0
0
0
0
0
0
0
0
0
0
0
0
0
0
0
0
0
0
0
0
0
0
0
0
0
0
0
0
0
0
0
0
0
0
0
0
0
0
0
0
0
0
0
0
0
0
0
0
0
0
0
0
0
0
0
0
0
0
0
0
0
0
0
0
0
0
0
0
0
0
0
0
0
0
0
0
0
0
0
0
0
0
0
0
0
0
0
0
0
0
0
0
0
0
0
0
0
0
0
0
0
0
0
0
0
0
0
0
0
0
0
0
0
0
0
0
0
0
0
0
0
0
0
0
0
0
0
0
0
0
0
0
0
0
0
0
0
0
0
0
0
0
0
0
0
0
0
0
0
0
0
0
0
0
0
0
0
0
0
0
0
0
0
0
0
0
0
0
0
0
0
0
0
0
0
0
0
0
0
0
0
0
0
0
0
0
0
0
0
0
0
0
0
0
0
0
0
0
0
0
0
0
0
0
0
0
0
0
0
0
0
0
0
0
0
0
0
0
0
0
0
0
0
0
0
0
0
0
0
0
0
0
0
0
0
0
0
0
0
0
0
0
0
0
0
0
0
0
0
0
0
0
0
0
0
0
0
0
0
0
0
0
0
0
0
0
0
0
0
0
0
0
0
0
0
0
0
0
0
0
0
0
0
0
0
0
0
0
0
0
0
0
0
0
0
0
0
0
0
0
0
0
0
0
0
0
0
0
0
0
0
0
0
0
0
0
0
0
0
0
0
0
0
0
0
0
0
0
0
0
0
0
0
0
0
0
0
0
0
0
0
0
0
0
0
0
0
0
0
0
0
0
0
0
0
0
0
0
0
0
0
0
0
0
0
0
0
0
0
0
0
0
0
0
0
0
0
0
0
0
0
0
0
0
0
0
0
0
0
0
0
0
0
0
0
0
0
0
0
0
0
0
0
0
0
0
0
0
0
0
0
0
0
0
0
0
0
0
0
0
0
0
0
0
0
0
0
0
0
0
0
0
0
0
0
0
0
0
0
0
0
0
0
0
0
0
0
0
0
0
0
0
0
0
0
0
0
0
0
0
0
0
0
0
0
0
0
0
0
0
0
0
0
0
0
0
0
0
0
0
0
0
0
0
0
0
0
0
0
0
0
0
0
0
0
0
0
0
0
0
0
0
0
0
0
0
0
0
0
0
0
0
0
0
0
0
0
0
0
0
0
0
0
0
0
0
0
0
0
0
0
0
0
0
0
0
0
0
0
0
0
0
0
0
0
0
0
0
0
0
0
0
0
0
0
0
0
0
0
0
0
0
0
0
0
0
0
0
0
0
0
0
0
0
0
0
0
0
0
0
0
0
0
0
0
0
0
0
0
0
0
0
0
0
0
0
0
0
0
0
0
0
0
0
0
0
0
0
0
0
0
0
0
0
0
0
0
0
0
0
0
0
0
0
0
0
0
0
0
0
0
0
0
0
0
0
0
0
0
0
0
0
0
0
0
0
0
0
0
0
0
0
0
0
0
0
0
0
0
0
0
0
0
0
0
0
0
0
0
0
0
0
0
0
0
0
0
0
0
0
0
0
0
0
0
0
0
0
0
0
0
0
0
0
0
0
0
0
0
0
0
0
0
0
0
0
0
0
0
0
0
0
0
0
0
0
0
0
0
0
0
0
0
0
0
0
0
0
0
0
0
0
0
0
0
0
0
0
0
0
0
0
0
0
0
0
0
0
0
0
0
0
0
0
0
0
0
0
0
0
0
0
0
0
0
0
0
0
0
0
0
0
0
0
0
0
0
0
0
0
0
0
0
0
0
0
0
0
0
0
0
0
0
0
0
0
0
0
0
0
0
0
0
0
0
0
0
0
0
0
0
0
0
0
0
0
0
0
0
0
0
0
0
0
0
0
0
0
0
0
0
0
0
0
0
0
0
0
0
0
0
0
0
0
0
0
0
0
0
0
0
0
0
0
0
0
0
0
0
0
0
0
0
0
0
0
0
0
0
0
0
0
0
0
0
0
0
0
0
0
0
0
0
0
0
0
0
0
0
0
0
0
0
0
0
0
0
0
0
0
0
0
0
0
0
0
0
0
0
0
0
0
0
0
0
0
0
0
0
0
0
0
0
0
0
0
0
0
0
0
0
0
0
0
0
0
0
0
0
0
0
0
0
0
0
0
0
0
0
0
0
0
0
0
0
0
0
0
0
0
0
0
0
0
0
0
0
0
0
0
0
0
0
0
0
0
0
0
0
0
0
0
0
0
0
0
0
0
0
0
0
0
0
0
0
0
0
0
0
0
0
0
0
0
0
0
0
0
0
0
0
0
0
0
0
0
0
0
0
0
0
0
0
0
0
0
0
0
0
0
0
0
0
0
0
0
0
0
0
0
0
0
0
0
0
0
0
0
0
0
0
0
0
0
0
0
0
0
0
0
0
0
0
0
0
0
0
0
0
0
0
0
0
0
0
0
0
0
0
0
0
0
0
0
0
0
0
0
0
0
0
0
0
0
0
0
0
0
0
0
0
0
0
0
0
0
0
0
0
0
0
0
0
0
0
0
0
0
0
0
0
0
0
0
0
0
0
0
0
0
0
0
0
0
0
0
0
0
0
0
0
0
0
0
0
0
0
0
0
0
0
0
0
0
0
0
0
0
0
0
0
0
0
0
0
0
0
0
0
0
0
0
0
0
0
0
0
0
0
0
0
0
0
0
0
0
0
0
0
0
0
0
0
0
0
0
0
0
0
0
0
0
0
0
0
0
0
0
0
0
0
0
0
0
0
0
0
0
0
0
0
0
0
0
0
0
0
0
0
0
0
0
0
0
0
0
0
0
0
0
0
0
0
0
0
0
0
0
0
0
0
0
0
0
0
0
0
0
0
0
0
0
0
0
0
0
0
0
0
0
0
0
0
0
0
0
0
0
0
0
0
0
0
0
0
0
0
0
0
0
0
0
0
0
0
0
0
0
0
0
0
0
0
0
0
0
0
0
0
0
0
0
0
0
0
0
0
0
0
0
0
0
0
0
0
0
0
0
0
0
0
0
0
0
0
0
0
0
0
0
0
0
0
0
0
0
0
0
0
0
0
0
0
0
0
0
0
0
0
0
0
0
0
0
0
0
0
0
0
0
0
0
0
0
0
0
0
0
0
0
0
0
0
0
0
0
0
0
0
0
0
0
0
0
0
0
0
0
0
0
0
0
0
0
0
0
0
0
0
0
0
0
0
0
0
0
0
0
0
0
0
0
0
0
0
0
0
0
0
0
0
0
0
0
0
0
0
0
0
0
0
0
0
0
0
0
0
0
0
0
0
0
0
0
0
0
0
0
0
0
0
0
0
0
0
0
0
0
0
0
0
0
0
0
0
0
0
0
0
0
0
0
0
0
0
0
0
0
0
0
0
0
0
0
0
0
0
0
0
0
0
0
0
0
0
0
0
0
0
0
0
0
0
0
0
0
0
0
0
0
0
0
0
0
0
0
0
0
0
0
0
0
0
0
0
0
0
0
0
0
0
0
0
0
0
0
0
0
0
0
0
0
0
0
0
0
0
0
0
0
0
0
0
0
0
0
0
0
0
0
0
0
0
0
0
0
0
0
0
0
0
0
0
0
0
0
0
0
0
0
0
0
0
0
0
0
0
0
0
0
0
0
0
0
0
0
0
0
0
0
0
0
0
0
0
0
0
0
0
0
0
0
0
0
0
0
0
0
0
0
0
0
0
0
0
0
0
0
0
0
0
0
0
0
0
0
0
0
0
0
0
0
0
0
0
0
0
0
0
0
0
0
0
0
0
0
0
0
0
0
0
0
0
0
0
0
0
0
0
0
0
0
0
0
0
0
0
0
0
0
0
0
0
0
0
0
0
0
0
0
0
0
0
0
0
0
0
0
0
0
0
0
0
0
0
0
0
0
0
0
0
0
0
0
0
0
0
0
0
0
0
0
0
0
0
0
0
0
0
0
0
0
0
0
0
0
0
0
0
0
0
0
0
0
0
0
0
0
0
0
0
0
0
0
0
0
0
0
0
0
0
0
0
0
0
0
0
0
0
0
0
0
0
0
0
0
0
0
0
0
0
0
0
0
0
0
0
0
0
0
0
0
0
0
0
0
0
0
0
0
0
0
0
0
0
0
0
0
0
0
0
0
0
0
0
0
0
0
0
0
0
0
0
0
0
0
0
0
0
0
0
0
0
0
0
0
0
0
0
0
0
0
0
0
0
0
0
0
0
0
0
0
0
0
0
0
0
0
0
0
0
0
0
0
0
0
0
0
0
0
0
0
0
0
0
0
0
0
0
0
0
0
0
0
0
0
0
0
0
0
0
0
0
0
0
0
0
0
0
0
0
0
0
0
0
0
0
0
0
0
0
0
0
0
0
0
0
0
0
0
0
0
0
0
0
0
0
0
0
0
0
0
0
0
0
0
0
0
0
0
0
0
0
0
0
0
0
0
0
0
0
0
0
0
0
0
0
0
0
0
0
0
0
0
0
0
0
0
0
0
0
0
0
0
0
0
0
0
0
0
0
0
0
0
0
0
0
0
0
0
0
0
0
0
0
0
0
0
0
0
0
0
0
0
0
0
0
0
0
0
0
0
0
0
0
0
0
0
0
0
0
0
0
0
0
0
0
0
0
0
0
0
0
0
0
0
0
0
0
0
0
0
0
0
0
0
0
0
0
0
0
0
0
0
0
0
0
0
0
0
0
0
0
0
0
0
0
0
0
0
0
0
0
0
0
0
0
0
0
0
0
0
0
0
0
0
0
0
0
0
0
0
0
0
0
0
0
0
0
0
0
0
0
0
0
0
0
0
0
0
0
0
0
0
0
0
0
0
0
0
0
0
0
0
0
0
0
0
0
0
0
0
0
0
0
0
0
0
0
0
0
0
0
0
0
0
0
0
0
0
0
0
0
0
0
0
0
0
0
0
0
0
0
0
0
0
0
0
0
0
0
0
0
0
0
0
0
0
0
0
0
0
0
0
0
0
0
0
0
0
0
0
0
0
0
0
0
0
0
0
0
0
0
0
0
0
0
0
0
0
0
0
0
0
0
0
0
0
0
0
0
0
0
0
0
0
0
0
0
0
0
0
0
0
0
0
0
0
0
0
0
0
0
0
0
0
0
0
0
0
0
0
0
0
0
0
0
0
0
0
0
0
0
0
0
0
0
0
0
0
0
0
0
0
0
0
0
0
0
0
0
0
0
0
0
0
0
0
0
0
0
0
0
0
0
0
0
0
0
0
0
0
0
0
0
0
0
0
0
0
0
0
0
0
0
0
0
0
0
0
0
0
0
0
0
0
0
0
0
0
0
0
0
0
0
0
0
0
0
0
0
0
0
0
0
0
0
0
0
0
0
0
0
0
0
0
0
0
0
0
0
0
0
0
0
0
0
0
0
0
0
0
0
0
0
0
0
0
0
0
0
0
0
0
0
0
0
0
0
0
0
0
0
0
0
0
0
0
0
0
0
0
0
0
0
0
0
0
0
0
0
0
0
0
0
0
0
0
0
0
0
0
0
0
0
0
0
0
0
0
0
0
0
0
0
0
0
0
0
0
0
0
0
0
0
0
0
0
0
0
0
0
0
0
0
0
0
0
0
0
0
0
0
0
0
0
0
0
0
0
0
0
0
0
0
0
0
0
0
0
0
0
0
0
0
0
0
0
0
0
0
0
0
0
0
0
0
0
0
0
0
0
0
0
0
0
0
0
0
0
0
0
0
0
0
0
0
0
0
0
0
0
0
0
0
0
0
0
0
0
0
0
0
0
0
0
0
0
0
0
0
0
0
0
0
0
0
0
0
0
0
0
0
0
0
0
0
0
0
0
0
0
0
0
0
0
0
0
0
0
0
0
0
0
0
0
0
0
0
0
0
0
0
0
0
0
0
0
0
0
0
0
0
0
0
0
0
0
0
0
0
0
0
0
0
0
0
0
0
0
0
0
0
0
0
0
0
0
0
0
0
0
0
0
0
0
0
0
0
0
0
0
0
0
0
0
0
0
0
0
0
0
0
0
0
0
0
0
0
0
0
0
0
0
0
0
0
0
0
0
0
0
0
0
0
0
0
0
0
0
0
0
0
0
0
0
0
0
0
0
0
0
0
0
0
0
0
0
0
0
0
0
0
0
0
0
0
0
0
0
0
0
0
0
0
0
0
0
0
0
0
0
0
0
0
0
0
0
0
0
0
0
0
0
0
0
0
0
0
0
0
0
0
0
0
0
0
0
0
0
0
0
0
0
0
0
0
0
0
0
0
0
0
0
0
0
0
0
0
0
0
0
0
0
0
0
0
0
0
0
0
0
0
0
0
0
0
0
0
0
0
0
0
0
0
0
0
0
0
0
0
0
0
0
0
0
0
0
0
0
0
0
0
0
0
0
0
0
0
0
0
0
0
0
0
0
0
0
0
0
0
0
0
0
0
0
0
0
0
0
0
0
0
0
0
0
0
0
0
0
0
0
0
0
0
0
0
0
0
0
0
0
0
0
0
0
0
0
0
0
0
0
0
0
0
0
0
0
0
0
0
0
0
0
0
0
0
0
0
0
0
0
0
0
0
0
0
0
0
0
0
0
0
0
0
0
0
0
0
0
0
0
0
0
0
0
0
0
0
0
0
0
0
0
0
0
0
0
0
0
0
0
0
0
0
0
0
0
0
0
0
0
0
0
0
0
0
0
0
0
0
0
0
0
0
0
0
0
0
0
0
0
0
0
0
0
0
0
0
0
0
0
0
0
0
0
0
0
0
0
0
0
0
0
0
0
0
0
0
0
0
0
0
0
0
0
0
0
0
0
0
0
0
0
0
0
0
0
0
0
0
0
0
0
0
0
0
0
0
0
0
0
0
0
0
0
0
0
0
0
0
0
0
0
0
0
0
0
0
0
0
0
0
0
0
0
0
0
0
0
0
0
0
0
0
0
0
0
0
0
0
0
0
0
0
0
0
0
0
0
0
0
0
0
0
0
0
0
0
0
0
0
0
0
0
0
0
0
0
0
0
0
0
0
0
0
0
0
0
0
0
0
0
0
0
0
0
0
0
0
0
0
0
0
0
0
0
0
0
0
0
0
0
0
0
0
0
0
0
0
0
0
0
0
0
0
0
0
0
0
0
0
0
0
0
0
0
0
0
0
0
0
0
0
0
0
0
0
0
0
0
0
0
0
0
0
0
0
0
0
0
0
0
0
0
0
0
0
0
0
0
0
0
0
0
0
0
0
0
0
0
0
0
0
0
0
0
0
0
0
0
0
0
0
0
0
0
0
0
0
0
0
0
0
0
0
0
0
0
0
0
0
0
0
0
0
0
0
0
0
0
0
0
0
0
0
0
0
0
0
0
0
0
0
0
0
0
0
0
0
0
0
0
0
0
0
0
0
0
0
0
0
0
0
0
0
0
0
0
0
0
0
0
0
0
0
0
0
0
0
0
0
0
0
0
0
0
0
0
0
0
0
0
0
0
0
0
0
0
0
0
0
0
0
0
0
0
0
0
0
0
0
0
0
0
0
0
0
0
0
0
0
0
0
0
0
0
0
0
0
0
0
0
0
0
0
0
0
0
0
0
0
0
0
0
0
0
0
0
0
0
0
0
0
0
0
0
0
0
0
0
0
0
0
0
0
0
0
0
0
0
0
0
0
0
0
0
0
0
0
0
0
0
0
0
0
0
0
0
0
0
0
0
0
0
0
0
0
0
0
0
0
0
0
0
0
0
0
0
0
0
0
0
0
0
0
0
0
0
0
0
0
0
0
0
0
0
0
0
0
0
0
0
0
0
0
0
0
0
0
0
0
0
0
0
0
0
0
0
0
0
0
0
0
0
0
0
0
0
0
0
0
0
0
0
0
0
0
0
0
0
0
0
0
0
0
0
0
0
0
0
0
0
0
0
0
0
0
0
0
0
0
0
0
0
0
0
0
0
0
0
0
0
0
0
0
0
0
0
0
0
0
0
0
0
0
0
0
0
0
0
0
0
0
0
0
0
0
0
0
0
0
0
0
0
0
0
0
0
0
0
0
0
0
0
0
0
0
0
0
0
0
0
0
0
0
0
0
0
0
0
0
0
0
0
0
0
0
0
0
0
0
0
0
0
0
0
0
0
0
0
0
0
0
0
0
0
0
0
0
0
0
0
0
0
0
0
0
0
0
0
0
0
0
0
0
0
0
0
0
0
0
0
0
0
0
0
0
0
0
0
0
0
0
0
0
0
0
0
0
0
0
0
0
0
0
0
0
0
0
0
0
0
0
0
0
0
0
0
0
0
0
0
0
0
0
0
0
0
0
0
0
0
0
0
0
0
0
0
0
0
0
0
0
0
0
0
0
0
0
0
0
0
0
0
0
0
0
0
0
0
0
0
0
0
0
0
0
0
0
0
0
0
0
0
0
0
0
0
0
0
0
0
0
0
0
0
0
0
0
0
0
0
0
0
0
0
0
0
0
0
0
0
0
0
0
0
0
0
0
0
0
0
0
0
0
0
0
0
0
0
0
0
0
0
0
0
0
0
0
0
0
0
0
0
0
0
0
0
0
0
0
0
0
0
0
0
0
0
0
0
0
0
0
0
0
0
0
0
0
0
0
0
0
0
0
0
0
0
0
0
0
0
0
0
0
0
0
0
0
0
0
0
0
0
0
0
0
0
0
0
0
0
0
0
0
0
0
0
0
0
0
0
0
0
0
0
0
0
0
0
0
0
0
0
0
0
0
0
0
0
0
0
0
0
0
0
0
0
0
0
0
0
0
0
0
0
0
0
0
0
0
0
0
0
0
0
0
0
0
0
0
0
0
0
0
0
0
0
0
0
0
0
0
0
0
0
0
0
0
0
0
0
0
0
0
0
0
0
0
0
0
0
0
0
0
0
0
0
0
0
0
0
0
0
0
0
0
0
0
0
0
0
0
0
0
0
0
0
0
0
0
0
0
0
0
0
0
0
0
0
0
0
0
0
0
0
0
0
0
0
0
0
0
0
0
0
0
0
0
0
0
0
0
0
0
0
0
0
0
0
0
0
0
0
0
0
0
0
0
0
0
0
0
0
0
0
0
0
0
0
0
0
0
0
0
0
0
0
0
0
0
0
0
0
0
0
0
0
0
0
0
0
0
0
0
0
0
0
0
0
0
0
0
0
0
0
0
0
0
0
0
0
0
0
0
0
0
0
0
0
0
0
0
0
0
0
0
0
0
0
0
0
0
0
0
0
0
0
0
0
0
0
0
0
0
0
0
0
0
0
0
0
0
0
0
0
0
0
0
0
0
0
0
0
0
0
0
0
0
0
0
0
0
0
0
0
0
0
0
0
0
0
0
0
0
0
0
0
0
0
0
0
0
0
0
0
0
0
0
0
0
0
0
0
0
0
0
0
0
0
0
0
0
0
0
0
0
0
0
0
0
0
0
0
0
0
0
0
0
0
0
0
0
0
0
0
0
0
0
0
0
0
0
0
0
0
0
0
0
0
0
0
0
0
0
0
0
0
0
0
0
0
0
0
0
0
0
0
0
0
0
0
0
0
0
0
0
0
0
0
0
0
0
0
0
0
0
0
0
0
0
0
0
0
0
0
0
0
0
0
0
0
0
0
0
0
0
0
0
0
0
0
0
0
0
0
0
0
0
0
0
0
0
0
0
0
0
0
0
0
0
0
0
0
0
0
0
0
0
0
0
0
0
0
0
0
0
0
0
0
0
0
0
0
0
0
0
0
0
0
0
0
0
0
0
0
0
0
0
0
0
0
0
0
0
0
0
0
0
0
0
0
0
0
0
0
0
0
0
0
0
0
0
0
0
0
0
0
0
0
0
0
0
0
0
0
0
0
0
0
0
0
0
0
0
0
0
0
0
0
0
0
0
0
0
0
0
0
0
0
0
0
0
0
0
0
0
0
0
0
0
0
0
0
0
0
0
0
0
0
0
0
0
0
0
0
0
0
0
0
0
0
0
0
0
0
0
0
0
0
0
0
0
0
0
0
0
0
0
0
0
0
0
0
0
0
0
0
0
0
0
0
0
0
0
0
0
0
0
0
0
0
0
0
0
0
0
0
0
0
0
0
0
0
0
0
0
0
0
0
0
0
0
0
0
0
0
0
0
0
0
0
0
0
0
0
0
0
0
0
0
0
0
0
0
0
0
0
0
0
0
0
0
0
0
0
0
0
0
0
0
0
0
0
0
0
0
0
0
0
0
0
0
0
0
0
0
0
0
0
0
0
0
0
0
0
0
0
0
0
0
0
0
0
0
0
0
0
0
0
0
0
0
0
0
0
0
0
0
0
0
0
0
0
0
0
0
0
0
0
0
0
0
0
0
0
0
0
0
0
0
0
0
0
0
0
0
0
0
0
0
0
0
0
0
0
0
0
0
0
0
0
0
0
0
0
0
0
0
0
0
0
0
0
0
0
0
0
0
0
0
0
0
0
0
0
0
0
0
0
0
0
0
0
0
0
0
0
0
0
0
0
0
0
0
0
0
0
0
0
0
0
0
0
0
0
0
0
0
0
0
0
0
0
0
0
0
0
0
0
0
0
0
0
0
0
0
0
0
0
0
0
0
0
0
0
0
0
0
0
0
0
0
0
0
0
0
0
0
0
0
0
0
0
0
0
0
0
0
0
0
0
0
0
0
0
0
0
0
0
0
0
0
0
0
0
0
0
0
0
0
0
0
0
0
0
0
0
0
0
0
0
0
0
0
0
0
0
0
0
0
0
0
0
0
0
0
0
0
0
0
0
0
0
0
0
0
0
0
0
0
0
0
0
0
0
0
0
0
0
0
0
0
0
0
0
0
0
0
0
0
0
0
0
0
0
0
0
0
0
0
0
0
0
0
0
0
0
0
0
0
0
0
0
0
0
0
0
0
0
0
0
0
0
0
0
0
0
0
0
0
0
0
0
0
0
0
0
0
0
0
0
0
0
0
0
0
0
0
0
0
0
0
0
0
0
0
0
0
0
0
0
0
0
0
0
0
0
0
0
0
0
0
0
0
0
0
0
0
0
0
0
0
0
0
0
0
0
0
0
0
0
0
0
0
0
0
0
0
0
0
0
0
0
0
0
0
0
0
0
0
0
0
0
0
0
0
0
0
0
0
0
0
0
0
0
0
0
0
0
0
0
0
0
0
0
0
0
0
0
0
0
0
0
0
0
0
0
0
0
0
0
0
0
0
0
0
0
0
0
0
0
0
0
0
0
0
0
0
0
0
0
0
0
0
0
0
0
0
0
0
0
0
0
0
0
0
0
0
0
0
0
0
0
0
0
0
0
0
0
0
0
0
0
0
0
0
0
0
0
0
0
0
0
0
0
0
0
0
0
0
0
0
0
0
0
0
0
0
0
0
0
0
0
0
0
0
0
0
0
0
0
0
0
0
0
0
0
0
0
0
0
0
0
0
0
0
0
0
0
0
0
0
0
0
0
0
0
0
0
0
0
0
0
0
0
0
0
0
0
0
0
0
0
0
0
0
0
0
0
0
0
0
0
0
0
0
0
0
0
0
0
0
0
0
0
0
0
0
0
0
0
0
0
0
0
0
0
0
0
0
0
0
0
0
0
0
0
0
0
0
0
0
0
0
0
0
0
0
0
0
0
0
0
0
0
0
0
0
0
0
0
0
0
0
0
0
0
0
0
0
0
0
0
0
0
0
0
0
0
0
0
0
0
0
0
0
0
0
0
0
0
0
0
0
0
0
0
0
0
0
0
0
0
0
0
0
0
0
0
0
0
0
0
0
0
0
0
0
0
0
0
0
0
0
0
0
0
0
0
0
0
0
0
0
0
0
0
0
0
0
0
0
0
0
0
0
0
0
0
0
0
0
0
0
0
0
0
0
0
0
0
0
0
0
0
0
0
0
0
0
0
0
0
0
0
0
0
0
0
0
0
0
0
0
0
0
0
0
0
0
0
0
0
0
0
0
0
0
0
0
0
0
0
17.6833
18.1833
17.8667
18.0833
17.6833
18.1833
17.8667
18.0833
17.85
18.2
18.1667
18.1
17.8333
18.15
18.1833
18.05
17.7667
18.1667
18.1333
18.0333
17.7833
17.9833
18.15
17.9667
17.3167
18.0167
18.1
18.0667
17.3
18.0833
18.1167
18.1833
17.35
18.1
17.4667
18.2
17.2
18
18.05
18.1167
17.1833
18.0333
18.0667
18.1667
17.1
18.05
17.9333
18.15
17.2167
18.1167
17.3833
18
16.9667
18.0667
17.4
18.0167
17.6
18.1333
17.6167
17.95
16.8833
17.95
17.9
18.1333
16.1667
17.9667
17.5333
17.9833
17.1167
17.9167
18.0333
17.9
16.3833
17.9333
16.4
17.8833
16.8667
17.8833
17.9667
17.9333
16
17.9
16.2167
17.9167
17.6667
17.6167
18.2
17.5667
18.1833
17.8
17.8333
17.3
18.1667
17.8167
17.85
17.1833
17.75
17.8333
17.7167
17.1667
17.7
17.85
17.6333
17.2833
18.1333
16.8333
17.7667
16.8833
18.15
17.75
17.7833
17.1
17.8167
17.7667
17.7333
17.0833
17.7167
16.75
17.75
16.6667
17.7333
16.8
17.8167
16.7833
17.8
17.6833
17.65
17.3333
18.2
17.7
17.6667
17.35
17.8667
16.55
17.6833
15.85
17.6333
15.35
17.7
15.4167
17.65
15.7167
17.8
15.6667
17.5833
17.8667
17.9833
17.55
17.9833
16.5833
17.5833
16.1667
17.6167
16.5167
17.6
15.2333
15.85
17.55
17.4333
17.8667
15.2333
17.5667
17.5
17.6167
16.1833
17.5167
17.95
17.5
16.0833
17.5333
16.2
17.4833
15.25
17.4833
17.55
17.5333
15.0667
17.5
16.3
17.5167
17.3667
17.45
18.0833
17.4333
16.4667
17.4667
16.4833
17.4167
15.8667
17.4167
17.5667
17.4667
14.9333
17.4333
16.3167
17.45
16.95
16.4
18
16.35
17.2333
16.4833
18.0167
16.4333
17.4667
15.8167
17.35
15.8667
18.0833
17.3333
17.3667
17.6833
17.2833
17.35
17.25
17.7
18.1167
17.15
17.3
17.2
18.1
17.2833
17.3167
17.85
17.3333
17.3
17.2667
17.8
17.25
15.7833
17.2833
15.7667
17.2667
15.7333
17.3333
15.4
17.3833
14.8167
17.2167
14.8667
18.0167
17.0167
17.2333
16.9667
18.0667
17.1333
17.1833
17.3167
18.05
17.1667
17.2
17.8333
17.0833
17.1833
17.05
17.8167
17.0167
17.3167
17.0333
17.1333
16.9833
17.2
16.9167
17.15
17.9333
16.9
17.1
16.8667
18.0333
17.0833
17.1167
17.7667
17.1667
17.1
17.0667
17.75
17.05
16.6333
17.0833
16.6833
17.0667
16.7333
17.1667
16.7167
17
14.65
17.15
14.6
17.15
17.2167
17
16.9833
17.0333
14.5667
17.0167
14.05
17.1333
16.9667
16.9333
17.0167
18
16.9833
16.95
17.2167
17.4
15.9333
16.9667
14.85
16.9167
14
16.9833
14.0667
16.9333
14.4333
17.1333
14.3833
16.05
17.1167
16.0667
16.85
17.9667
16.8167
16.8667
17.7833
17.9
16.85
16.8833
17.1167
16.0167
16.8667
15.95
16.9
16.5833
17.7833
16.6
16.8167
16.15
16.8833
16.1167
16.8333
15.7
17.7167
15.7167
16.7667
16.6667
16.7667
16.7167
17.7167
13.7167
16.7833
15.6
16.8
15.55
17.7333
15.5667
16.65
14.4167
17.05
14.4333
16.7
16.6833
16.7
16.7833
17.05
13.5833
16.7167
14.25
16.7333
16.7167
16.6167
16.6667
17.0667
16.7833
16.65
16.6833
17.7333
13.7
16.6667
13.6667
16.75
14.2
17.0667
14.2167
16.6167
13.5667
16.6833
13.5333
16.6333
16.5667
15.5667
16.8333
15.5167
16.8333
17.6
16.5667
16.15
16.6
15.4833
16.5833
13.3167
16.5167
17.6667
16.5333
15.8333
16.5
15.3667
16.55
15.2833
16.55
17.5833
16.5
15.2167
16.5333
15.4667
16.5167
13.15
16.45
17.3833
17.45
16.4167
17.45
14.9833
16.45
14.9333
16.4833
14.7667
16.4667
13.1
14.8667
16.4167
16.35
17.3833
13.1
16.4333
16.2833
16.4833
16.3667
17.4
17.9167
16.3333
17.9167
16.05
16.3667
16
16.4
15.9
16.3833
12.9833
14.85
16.3333
16.4333
17.4
12.9833
16.35
16.25
16.4
14.9167
16.3
17.4167
16.2833
15.0833
16.3167
17.4833
16.2667
13.1167
16.2667
16.4167
16.3167
12.8
16.2833
16.2333
16.3
13
16.2333
16.3333
16.2167
12.7833
16.25
16.2667
16.2
15.9833
16.2
17.8833
16.25
16.1
16.2167
17.5167
16.2333
17.5333
15.1667
16.1667
15.25
17.95
16.15
16.1833
17.6
16.8167
16.1667
16.1333
16.5833
16.1167
13.2833
16.15
13.3333
16.1333
13.8167
16.8167
13.7667
16.2
12.6833
16.0833
12.7833
17.5167
15.1167
16.1
15.0667
16.0333
14.2167
16.9
14.1667
16.9
16.3833
16.0333
16.0167
16.0667
14.1333
16.05
12.4833
16.85
16
15.9667
16.05
17.8833
16.0167
15.9833
16.3833
16.2167
12.9167
16
13
15.95
12.4333
16.0167
12.5
15.9667
13.8667
16.85
13.85
15.9
16.95
15.9167
14.8333
15.8833
14.0167
15.9333
13.9333
15.9333
16.3667
15.8833
12.9667
15.9167
14.1167
15.9
12.2333
17.4333
15.8
15.85
17.3667
17.5667
15.8333
15.8667
17.6667
15.2167
15.85
15.1833
16.55
14.9833
17.3667
15
15.8
14.95
15.8667
14.8833
15.8167
14.6333
17.2667
14.65
15.75
15.4
15.75
15.6667
17.2667
12.1
15.7667
14.35
15.7833
14.7167
17.25
14.7333
15.3833
15.6833
17.6333
16.8
15.65
16.8
15.55
15.6833
13.7167
15.7167
15.3
15.7
11.9667
15.4167
15.65
15.7667
17.6333
11.9667
15.6667
15.6333
15.7167
11.9833
15.6167
15.65
15.6
11.85
15.6333
14.3333
15.5833
13.7333
15.5833
16.7667
15.6333
13.5167
15.6
14.2333
15.6167
15.5333
16.6
16.75
15.5
16.75
15.7
15.5333
13.7
15.5667
15.45
15.55
11.7167
13.3167
15.5
13.7667
16.6
11.7167
15.5167
13.6333
15.5667
15.45
16.5667
15.4667
13.3
15.4333
16.5
15.4833
13.1333
15.4833
15.5333
15.4333
11.7
15.4667
15.3167
15.45
11.55
15.6667
15.3333
15.4
17.65
15.7667
15.3833
15.4167
17.25
12.0833
15.4
12.05
15.7333
15.3167
16.5333
15.35
15.2667
15.3
17.65
15.3667
15.3333
11.95
15.4167
11.9167
15.35
15.3667
15.4333
15.3
11.5333
15.35
15.6833
15.3167
11.95
13.15
15.2667
13.2333
16.5333
11.5333
15.2833
11.5
15.3667
17.5
15.15
15.2333
16.1833
17.55
15.2167
15.25
17.5833
15.8333
15.2333
15.2
16.5167
15.1833
13.2
15.2167
13.1667
15.2
13.25
15.8333
13.2333
15.1167
16.1833
15.1333
15.15
15.05
15.25
15.0167
15.1667
15.1
12.65
15.1667
12.6
15.1667
16.0833
15.1
15.05
15.1333
12.5667
15.1167
11.1833
16.3
12.8667
15.0667
12.8
17.4833
15.05
15.0833
16.0833
15.15
15.0667
15.0333
15.1167
15.0167
11.15
15.05
11.2
15.0333
11.2833
15.15
11.2333
14.9667
14.7333
15.8167
14.6833
15.8167
16.4667
14.9667
14.95
15
14.4833
14.9833
11.05
15.8
14.9333
14.9
14.9833
17.4167
14.95
14.9167
16.4667
16.3167
13.0333
14.9333
13.1167
14.8833
11
14.95
11.0667
14.9
12.2
15.8
12.15
16.4333
14.8
14.85
17.2333
16.35
14.8333
14.8667
16.95
12.9667
14.85
12.9333
15.9333
14.7667
17.2333
14.7833
14.8
13.0833
14.8667
13.05
14.8167
14.75
14.55
14.8167
13.9
14.8167
16.45
14.75
13.0833
14.7833
14.5
14.7667
10.7667
14.7
15
15.7333
14.6667
15.7333
14.6333
14.7
12.0833
14.7333
14.45
14.7167
10.7167
11.05
14.6667
12.15
15
10.7167
14.6833
12.0167
14.7333
14.6167
17.0333
15.7833
14.5833
15.7833
14.7167
14.6167
12.1
14.65
14.5333
14.6333
10.6
14.05
14.5833
14.3833
17.0333
10.6
14.6
14.3167
14.65
14.5333
17
14.55
14.0333
14.5167
14.7833
14.5667
13.8833
14.5667
14.6167
14.5167
10.5833
14.55
14.4667
14.5333
10.4333
14.4667
14.75
14.4833
10.75
14.45
14.9667
14.5
11.0333
14.5
14.5167
14.45
10.4167
14.4833
14.7
14.4667
10.7
14.4
16.9167
16.7333
14.3667
16.7333
14.2
14.4
13.5833
14.4333
13.95
14.4167
10.25
14.0667
14.3667
14.6
16.9167
10.25
14.3833
14.2833
14.4333
12.1167
14.3333
15.75
14.3167
11.8667
14.35
15.6167
14.3
10.6167
14.3
14.5833
14.35
10.0667
14.3167
14.2667
14.3333
10.2667
14.2667
14.3667
14.25
10.05
14.2833
14.3
14.2333
13.6
14.2333
16.7
14.2833
13.5
14.25
15.5833
14.2667
14.1833
16.0667
16.6333
14.15
16.6333
14.4167
14.1833
13.5667
14.2167
14.1
14.2
9.9
12.4833
14.15
13.85
16.0667
9.9
14.1667
13.4667
14.2167
14.1
16.0333
14.1167
12.4667
14.0833
15.8833
14.1333
12.2167
14.1333
14.1833
14.0833
9.88333
14.1167
13.9667
14.1
9.73333
14.3833
13.9833
14.05
16.9333
14.6
14.0333
14.0667
17
10.5833
14.05
10.55
14.5667
13.9667
15.9167
14
13.9167
13.95
16.9333
14.0167
13.9833
10.2333
14.0667
10.2
14
14.0167
14.0833
13.95
9.71667
14
14.4
13.9667
10.2333
12.2333
13.9167
12.35
15.9167
9.71667
13.9333
9.68333
14.0167
10.7667
13.8833
10.8833
14.7833
10.4333
13.9
10.4833
14.55
13.8
15.95
13.8167
13.8333
12.5
13.8333
14.1667
15.95
9.45
13.85
13.4
13.8667
13.7833
16.1167
13.8667
13.75
13.8667
12.3833
13.7833
9.45
13.8167
12.6333
13.8
9.36667
13.3333
13.75
15.5167
16.1167
9.36667
13.7667
13.3667
13.8167
15.6
11.9
13.7167
11.9833
16.7667
13.7
13.7333
15.7
16.65
13.7167
13.6833
15.55
13.6667
11.65
13.7
11.7333
13.6833
13.65
16.65
13.6333
13.4167
13.6667
13.4833
13.6167
11.7333
13.6167
15.5
13.6667
9.16667
13.6333
13.35
13.65
14.25
10.1833
13.5833
10.2667
16.7
13.5667
13.6
14.4167
16.6167
13.5833
13.55
14.2
13.5333
9.83333
13.5667
9.91667
13.55
13.4833
16.6167
13.4667
15.5833
11.7667
13.5
11.85
14.2333
9.95
13.5167
10.05
13.4333
13.5333
13.65
13.45
9.91667
13.45
14.15
13.5333
8.91667
13.4667
13.3833
13.4833
13.4833
9.08333
13.4167
8.91667
13.65
9.25
13.4333
9.16667
9.46667
13.3833
13.8333
13.3667
8.9
13.4
13.45
13.35
9.38333
13.35
13.75
13.4
9.15
13.3667
13.6167
13.3833
13.7667
13.2667
13.3167
16.1333
15.5167
13.3
13.3333
16.5667
11.7
13.3167
11.6667
15.4833
12.6333
16.1333
12.65
13.2667
9.35
13.3333
9.31667
13.2833
12.1833
15.1833
12.2
13.2167
13.1667
13.2167
15.2833
15.1833
8.66667
13.2333
11.35
13.25
11.2667
15.2
11.2833
13.1833
8.65
13.1667
8.58333
13.2
13.2333
13.1833
13.15
15.2
15.2833
13.1333
13.1667
16.5
11.55
13.15
11.6
15.4667
16.2833
13.0167
13.1
14.9167
16.4167
13.0833
13.1167
16.45
14.8
13.1
13.0667
14.7667
13.05
10.8167
13.0833
10.7833
13.0667
10.9333
14.8
10.8833
12.8667
14.9167
12.8833
13.0167
12.8167
13.1167
12.8333
13.0333
16.25
12.9
12.9833
15.9833
16.3333
12.9667
13
16.3667
14.8333
12.9833
12.95
15.9
12.9333
12.2833
12.9667
12.25
12.95
12.3667
14.8333
12.35
12.6833
15.9833
12.7333
12.9
12.7
13
12.75
12.9167
12.85
11.0167
13.0333
10.85
13.0333
15.0833
12.85
12.8167
12.8833
11.1167
12.8667
8.36667
12.7667
8.55
13.0167
8.5
13.0167
12.8
12.7667
12.8667
16.2667
12.8167
12.7833
15.0833
16.2333
12.7
12.8
16.1
12.8333
8.28333
12.8167
8.38333
12.7167
8.46667
12.9
8.41667
12.6667
12.45
12.9167
12.3167
12.75
8.3
12.7
8.23333
12.9
12.7833
12.7167
12.6833
12.9167
16.1
12.6667
12.7
12.7333
12.55
12.6833
8.21667
12.6167
15.1333
13.2833
12.5833
13.2833
13.7833
12.6167
9.35
12.65
12.5333
12.6333
8.16667
11.1833
12.5833
11.2333
15.1333
8.16667
12.6
8.75
12.65
12.5333
15.1
12.55
11.1667
12.5167
12.6667
12.5667
8.2
12.5667
12.6167
12.5167
8.15
12.55
12.4
12.5333
8
13.85
12.4167
12.4833
15.9667
14.1667
12.4667
12.5
16.0333
9.88333
12.4833
9.85
14.1333
12.4
12.7333
12.4333
12.3
12.3833
15.9667
12.45
12.4167
9.43333
12.5
9.4
12.4333
12.45
12.5167
12.3833
7.98333
12.4333
13.8
12.4
9.43333
10.9167
12.9333
10.9333
12.3333
12.25
12.3333
13.9333
12.9333
7.78333
12.35
9.53333
12.3667
8.21667
12.3
8.41667
12.7333
7.98333
12.3167
7.95
12.45
8.45
12.95
8.46667
12.2667
7.76667
12.25
7.7
12.2833
12.35
12.2667
12.2333
12.95
13.9333
12.2167
12.25
15.8833
9.73333
12.2333
9.78333
14.1167
12.1667
14.8833
13.25
12.1333
13.25
11.2667
12.1667
8.66667
12.2
10.95
12.1833
7.65
11.0667
12.1333
14.6833
14.8833
7.65
12.15
11.3167
12.2
14.35
10.5333
12.1
10.6167
15.75
12.0833
12.1167
14.6333
15.3833
12.1
12.0667
14.7167
12.05
10.65
12.0833
10.7333
12.0667
12.0333
15.3833
12.0167
11.4333
12.05
11.5167
12
10.7333
12
14.6667
12.05
7.45
12.0167
11.3
12.0333
15.6333
11.8833
11.9667
13.7333
15.65
11.95
11.9833
15.6833
15.3333
11.9667
11.9333
15.3
11.9167
11.3833
11.95
11.4833
11.9333
11.5167
15.3333
11.5
11.7667
13.7333
11.8167
11.8833
11.7833
11.9833
11.8333
11.9
14.3333
10.1333
11.85
10.0667
15.6167
11.7833
11.8667
13.5167
11.8
7.38333
11.8833
7.33333
11.75
9.26667
11.9
9.21667
11.8333
7.26667
11.7833
7.21667
11.8833
11.85
11.8
11.7667
11.9
13.5167
11.75
11.7833
11.8167
8.96667
11.7667
7.2
13.6333
11.6333
11.7167
13.6833
15.5
11.7
11.7333
15.5333
13.3
11.7167
11.6833
15.45
11.6667
11.4167
11.7
11.5667
11.6833
11.6167
13.3
11.6
9.25
13.6833
9.26667
11.6333
9.18333
11.7333
9.11667
11.65
8.7
11.6667
8.76667
11.5833
11.5667
11.5833
13.1333
11.6667
7.06667
11.6
8.56667
11.6167
11.6
11.4
11.55
11.6833
13.1333
11.5333
11.5667
15.4333
15.2667
11.55
11.4833
15.3167
11.45
11.9167
12.0333
11.4667
11.4833
11.4667
15.2667
11.9167
11.5
11.3667
11.5333
11.9333
6.96667
11.5
11.3333
11.5167
11.5167
7.36667
11.4333
6.96667
12.0333
7.53333
11.45
7.45
7.15
11.6833
7.16667
11.4
7.08333
11.5667
7.01667
11.4167
7.36667
11.9333
7.38333
11.3667
6.98333
11.4833
7
11.3833
8.68333
11.3333
13.2167
11.3167
6.95
11.35
11.4667
11.3
7.66667
11.3
12.1333
11.35
7.43333
11.3167
12
11.3333
11.25
15.0167
13.2
11.2167
13.2
12.1833
11.25
8.65
11.2833
11.1
11.2667
6.76667
11.2
11.2167
12.6
15.0167
6.76667
11.2333
8.63333
11.2833
11.2333
11.1333
11.1833
15.0333
12.6
11.1667
11.2
15.1
8.15
11.1833
8.11667
12.5667
11.1
15.0333
11.1167
11.1333
6.75
11.2
6.71667
11.15
11.0833
12.85
11.15
8.35
11.15
11.25
11.0833
6.75
11.1167
10.9667
11.1
6.6
12.15
10.9833
11.05
14.9
14.6833
11.0333
11.0667
14.9667
10.7
11.05
10.6667
14.4833
10.9667
12.8833
11
10.8333
10.95
14.9
11.0167
10.9833
7.63333
11.0667
7.6
11
11.0167
11.0833
10.95
6.58333
11
12.1667
10.9667
7.63333
10.9
13.05
12.3667
10.8667
12.3667
8.45
10.9
7.78333
10.9333
8.53333
10.9167
6.38333
10.7833
10.8667
13.9
13.05
6.38333
10.8833
9.5
10.9333
8.36667
10.8333
8.5
12.8833
6.58333
10.85
6.55
11.0167
8.53333
13.0667
8.55
10.8
6.36667
10.7833
6.3
10.8167
10.8833
10.8
10.7667
13.0667
13.9
10.75
10.7833
14.75
10.4167
10.7667
10.3833
14.5
12.0167
10.6333
10.7167
12.0667
14.6667
10.7
10.7333
14.7
11.0333
10.7167
10.6833
14.45
10.6667
10.3
10.7
10.3667
10.6833
10.4
11.0333
10.3833
7.53333
12.0667
7.55
10.6333
7.46667
10.7333
7.4
10.65
14.3167
10.5167
10.6
12.1167
14.5833
10.5833
10.6167
14.6167
14.0333
10.6
10.5667
14.5333
10.55
10.3333
10.5833
10.45
10.5667
10.5
14.0333
10.4833
10.1333
12.1167
10.15
10.5167
10.0833
10.6167
10.1
10.5333
9.61667
10.55
9.7
10.4667
10.45
10.4667
13.8833
10.55
6.05
10.4833
9.48333
10.5
10.4833
10.3167
10.4333
10.5667
13.8833
10.4167
10.45
14.5167
10.75
10.4333
10.3667
14.4667
6.48333
10.6667
6.56667
10.35
10.3667
10.35
10.75
10.6667
10.3833
10.2833
10.4167
10.6833
5.95
10.3833
6.28333
10.4
6.13333
10.5667
6.15
10.3167
6.06667
10.45
6
10.3333
6.21667
10.6833
6.23333
10.2833
5.96667
10.3667
5.98333
10.3
14.2833
10.1667
10.25
13.6
14.3667
10.2333
10.2667
14.4
13.9833
10.25
10.2167
13.95
10.2
9.56667
10.2333
9.66667
10.2167
9.7
13.9833
9.68333
9.95
13.6
10
10.1667
9.96667
10.2667
10.0167
10.1833
10.1167
7.55
10.5333
7.5
10.5333
11.8667
10.1167
10.0833
10.15
7.25
10.1333
5.76667
10.0333
6.15
10.5167
6.1
10.5167
10.0667
10.0333
10.1333
14.3
10.0833
10.05
11.8667
14.2667
9.96667
10.0667
13.5
10.1
5.68333
10.0833
5.78333
9.98333
5.86667
10.1667
5.81667
9.93333
9.1
10.1833
9.05
10.0167
5.7
9.96667
5.63333
10.1667
10.05
9.98333
9.95
10.1833
13.5
9.93333
9.96667
10
8.98333
9.95
5.61667
13.4667
9.81667
9.9
13.55
14.15
9.88333
9.91667
14.1833
12.4667
9.9
9.86667
14.1
9.85
9.6
9.88333
9.75
9.86667
9.8
12.4667
9.78333
9.08333
13.55
9.1
9.81667
8.93333
9.91667
8.95
9.83333
7.88333
9.85
7.96667
9.76667
9.75
9.76667
12.2167
9.85
5.48333
9.78333
7.68333
9.8
9.78333
9.58333
9.73333
9.86667
12.2167
9.71667
9.75
14.0833
13.9167
9.73333
9.66667
13.9667
9.63333
10.2
10.5
9.65
9.66667
9.65
13.9167
10.2
9.68333
9.55
9.71667
10.2167
5.38333
9.68333
9.51667
9.7
9.7
5.85
9.61667
5.38333
10.5
6.13333
9.63333
6.05
5.56667
9.86667
5.58333
9.58333
5.5
9.75
5.43333
9.6
5.85
10.2167
5.86667
9.55
5.4
9.66667
5.41667
9.56667
7.8
9.51667
12.3333
9.5
5.36667
9.53333
9.65
9.48333
6.4
9.48333
10.8667
9.53333
6.03333
9.5
10.4667
9.51667
13.4
9.3
9.45
9.38333
13.8333
9.43333
9.46667
13.8
12.4167
9.45
9.41667
12.3833
9.4
7.83333
9.43333
7.93333
9.41667
7.96667
12.4167
7.95
13.3667
9.28333
9.36667
9.46667
13.75
9.35
9.38333
13.7833
13.2667
9.36667
9.33333
12.6333
9.31667
8.1
9.35
8.18333
9.33333
8.76667
13.2667
8.75
8.81667
9.46667
8.86667
9.28333
8.8
9.38333
8.85
9.3
9.23333
11.8167
11.65
9.2
11.65
13.4167
9.23333
9.18333
9.26667
9
9.25
5.01667
7.2
9.2
7.33333
11.8167
5.01667
9.21667
7.11667
9.26667
11.6333
9.16667
9.13333
9.25
13.6167
9.18333
9.15
13.4167
13.35
8.8
9.16667
8.9
9.11667
4.96667
9.18333
5.03333
9.13333
7.16667
11.6333
7.11667
9.06667
10
9.83333
9.03333
9.83333
13.4333
9.06667
8.93333
9.1
9.01667
9.08333
4.88333
5.61667
9.03333
5.81667
10
4.88333
9.05
5.53333
9.1
8.98333
9.06667
9
4.86667
8.96667
9.23333
9.01667
5
9.01667
9.93333
8.96667
5.6
9
11.75
8.98333
7.18333
8.88333
5.58333
9.81667
5.53333
9.81667
8.91667
8.88333
9.08333
13.45
8.93333
8.9
13.4333
13.3833
8.81667
8.91667
9.15
8.95
4.7
8.93333
4.9
8.83333
5.2
9.3
5.15
8.78333
5.11667
9.28333
5.06667
8.86667
4.71667
8.81667
4.65
9.3
8.9
8.83333
8.8
9.28333
9.15
8.78333
8.81667
8.85
4.98333
8.8
4.63333
8.71667
9.31667
11.6167
8.73333
8.18333
8.73333
12.5833
9.31667
4.5
8.75
8.61667
8.76667
8.76667
5.1
8.7
4.5
11.6167
7.15
8.71667
7.06667
11.35
7.58333
8.66667
7.66667
13.2167
8.65
8.68333
12.1833
13.1833
8.66667
8.6
11.2667
6.78333
8.61667
11.2167
8.58333
4.48333
8.63333
8.73333
8.56667
8.58333
6.7
8.65
6.78333
8.6
8.56667
13.1833
8.63333
7.05
8.58333
11.5833
8.61667
8.51667
12.8333
10.8167
8.48333
10.8167
10.9
8.51667
6.36667
8.55
8.31667
8.53333
4.3
8.38333
8.48333
10.85
12.8333
4.3
8.5
6.35
8.55
8.43333
12.75
12.2833
8.4
12.2833
10.9167
8.43333
7.76667
8.46667
8.33333
8.45
4.21667
8.23333
8.4
12.3167
12.75
4.21667
8.41667
7.75
8.46667
8.5
8.26667
8.36667
12.7667
10.85
8.35
8.38333
12.85
6.6
8.36667
6.65
11.1167
8.3
8.43333
8.31667
4.2
8.28333
8.51667
8.33333
4.28333
8.33333
12.7167
8.28333
8.25
8.31667
12.7667
8.3
8.26667
4.28333
8.38333
4.16667
8.28333
4.2
8.23333
4.11667
8.3
8.41667
8.25
8.21667
12.7167
12.3167
8.2
8.23333
12.6667
8
8.21667
8.05
12.55
8.75
8.08333
8.16667
9.33333
12.5833
8.15
8.18333
12.6167
11.1667
8.16667
8.13333
12.5333
8.11667
7.86667
8.15
8.01667
8.13333
8.06667
11.1667
8.05
5.1
9.33333
5.11667
8.08333
4.51667
8.18333
4.53333
8.1
4.56667
8.11667
6.66667
8.03333
8.01667
8.03333
8.2
8.11667
3.91667
8.05
4.1
8.06667
8.05
7.85
8
8.13333
8.2
7.98333
8.01667
12.5167
12.3
8
7.93333
12.4
7.9
9.4
9.8
7.91667
7.93333
7.91667
12.3
9.4
7.95
7.81667
7.98333
9.41667
3.81667
7.95
7.73333
7.96667
7.96667
5.18333
7.88333
3.81667
9.8
5.56667
7.9
5.48333
4
8.13333
4.01667
7.85
3.93333
8.01667
3.86667
7.86667
5.18333
9.41667
5.2
7.81667
3.83333
7.93333
3.85
7.83333
9.53333
6.26667
7.78333
6.4
12.3333
7.76667
7.8
10.9167
12.2667
7.78333
7.71667
8.45
4.23333
7.73333
8.4
7.7
3.8
7.75
7.91667
7.68333
7.7
4.08333
7.76667
4.23333
7.71667
7.68333
12.2667
7.75
5.46667
7.7
9.76667
7.73333
11.3167
7.56667
7.65
8.68333
12.1333
7.63333
7.66667
12.1667
10.9833
7.65
7.61667
10.95
7.6
6.43333
7.63333
6.53333
7.61667
6.56667
10.9833
6.55
6.83333
8.68333
6.88333
7.56667
6.81667
7.66667
6.86667
7.58333
7.51667
10.15
10.65
7.48333
10.65
11.4333
7.51667
7.46667
7.55
7.28333
7.53333
3.5
5.76667
7.48333
6.1
10.15
3.5
7.5
6.18333
7.55
10.6333
7.45
7.41667
7.53333
12
7.46667
7.43333
11.4333
11.3
6.81667
7.45
6.95
7.4
3.45
7.46667
3.51667
7.41667
6.23333
10.6333
6.18333
7.35
11.8333
11.3833
7.31667
11.3833
11.45
7.35
6.98333
7.38333
7.3
7.36667
3.36667
7.21667
7.31667
9.21667
11.8333
3.36667
7.33333
6.9
7.38333
7.26667
7.35
7.28333
3.35
7.25
7.51667
7.3
3.48333
7.3
11.8
7.25
7.23333
7.28333
10.1167
7.26667
5.75
3.35
7.21667
3.26667
7.26667
7.33333
7.23333
7.2
11.8
9.21667
7.18333
7.21667
11.75
5
7.2
4.83333
8.96667
7.13333
9.11667
11.4167
7.1
11.4167
8.7
7.13333
7.08333
7.16667
4.91667
7.15
3.21667
5.03333
7.1
9.2
9.11667
3.21667
7.11667
6.91667
7.16667
11.4
7.06667
7.03333
7.15
11.5833
7.08333
7.05
8.7
8.56667
4.38333
7.06667
4.48333
7.01667
3.16667
7.08333
3.23333
7.03333
7
11.4
6.91667
6.93333
7.01667
11.3667
6.9
11.3667
6.96667
6.93333
7.36667
11.4667
6.98333
6.95
11.45
11.3333
6.83333
6.96667
7.43333
7
3.11667
6.98333
3.38333
3.23333
6.9
7.1
7.01667
3.38333
6.91667
7.31667
7
6.85
4.43333
7.58333
4.35
6.8
3.6
7.56667
3.55
6.88333
3.13333
6.83333
3.06667
7.58333
6.95
6.85
6.81667
7.56667
7.43333
6.8
6.83333
6.86667
3.46667
6.81667
3.05
8.63333
6.68333
6.76667
8.6
11.2167
6.75
6.78333
11.25
11.1333
6.76667
6.73333
11.1
6.71667
6.46667
6.75
6.61667
6.73333
6.66667
11.1333
6.65
4.38333
8.6
4.43333
6.68333
4.4
6.78333
4.45
6.7
4.55
6.71667
8.06667
6.63333
6.61667
6.63333
8.35
6.71667
2.78333
6.65
4.15
6.66667
6.65
6.45
6.6
6.73333
8.35
6.58333
6.61667
11.0833
10.8333
6.6
6.53333
10.9667
6.5
7.6
10.4
6.51667
6.53333
6.51667
10.8333
7.6
6.55
6.41667
6.58333
7.61667
2.68333
6.55
6.33333
6.56667
6.56667
3.58333
6.48333
2.68333
10.4
6.21667
6.5
5.95
2.86667
6.73333
2.88333
6.45
2.8
6.61667
2.73333
6.46667
3.58333
7.61667
3.6
6.41667
2.7
6.53333
2.71667
6.43333
9.5
6.25
6.38333
7.8
10.8667
6.36667
6.4
10.9
10.8
6.38333
6.31667
8.53333
4.31667
6.33333
8.48333
6.3
2.66667
6.35
6.51667
6.28333
6.3
4.26667
6.36667
4.31667
6.31667
6.28333
10.8
6.35
5.93333
6.3
10.35
6.33333
5.25
7.8
5.3
6.25
5.23333
6.4
5.28333
6.26667
6.2
7.4
10.3
6.16667
10.3
6.48333
6.2
5.96667
6.23333
3.4
6.21667
2.45
3.51667
6.16667
7.48333
7.4
2.45
6.18333
5.88333
6.23333
6.11667
10.1
10.3333
6.08333
10.3333
9.61667
6.11667
6.06667
6.15
5.71667
6.13333
2.4
5.78333
6.08333
7.5
10.1
2.4
6.1
5.9
6.15
10.3167
6.05
6.01667
6.13333
10.4667
6.06667
6.03333
9.61667
9.48333
5.23333
6.05
5.36667
6
2.35
6.06667
2.41667
6.01667
5.98333
10.3167
5.9
5.91667
6
10.2833
5.88333
10.2833
5.95
5.91667
6.21667
10.35
5.96667
5.93333
6.48333
6.28333
2.53333
5.95
2.66667
5.98333
2.3
5.96667
2.46667
2.41667
5.88333
6.08333
6
2.46667
5.9
6.16667
5.98333
5.83333
10.0167
9.56667
5.8
9.56667
9.63333
5.83333
5.4
5.86667
5.73333
5.85
2.25
5.63333
5.8
9.05
10.0167
2.25
5.81667
5.31667
5.86667
6.1
5.66667
5.76667
10.0333
7.5
5.75
5.78333
10.1167
3.48333
5.76667
3.31667
7.25
5.7
5.83333
5.71667
2.23333
5.68333
6.11667
5.73333
2.38333
5.73333
9.98333
5.68333
5.65
5.71667
10.0333
5.7
5.66667
2.38333
5.78333
2.2
5.68333
2.23333
5.63333
2.15
5.7
5.81667
5.65
5.61667
9.98333
9.05
5.6
5.63333
9.93333
4.86667
5.61667
4.78333
8.98333
5.55
8.95
9.6
5.51667
9.6
7.88333
5.55
5.5
5.58333
4.73333
5.56667
2.1
4.9
5.51667
9.03333
8.95
2.1
5.53333
5.33333
5.58333
9.58333
5.48333
5.45
5.56667
9.76667
5.5
5.46667
7.88333
7.68333
3.66667
5.48333
3.8
5.43333
2.05
5.5
2.11667
5.45
5.41667
9.58333
5.33333
5.35
5.43333
9.55
5.31667
9.55
5.38333
5.35
5.85
9.65
5.4
5.36667
9.63333
9.51667
5.25
5.38333
6.03333
5.41667
2
5.4
2.26667
2.11667
5.31667
5.51667
5.43333
2.26667
5.33333
5.8
5.41667
5.26667
3.71667
6.26667
3.63333
5.21667
2.58333
6.25
2.5
5.3
2.01667
5.25
1.95
6.26667
5.36667
5.26667
5.23333
6.25
6.03333
5.21667
5.25
5.28333
2.36667
5.23333
1.93333
5.16667
8.86667
7.83333
5.13333
7.83333
7.9
5.16667
3.83333
5.2
4.75
5.18333
1.75
4.65
5.13333
5.06667
8.86667
1.75
5.15
3.75
5.2
5.08333
8.85
8.1
5.05
8.1
8.71667
5.08333
4.51667
5.11667
4.93333
5.1
1.7
4.63333
5.05
5.15
8.85
1.7
5.06667
3.96667
5.11667
7.11667
4.95
5.01667
9.13333
9.2
5
5.03333
9.23333
7.18333
5.01667
4.85
9
4.93333
8.78333
4.96667
4.61667
4.91667
9.13333
4.98333
4.95
3.2
5.03333
2.93333
4.96667
4.98333
5.08333
4.91667
1.68333
4.96667
7.13333
4.93333
3.2
5.53333
4.68333
4.88333
8.88333
9.03333
4.86667
4.9
9.06667
5.6
4.88333
4.8
9.01667
4.83333
4.6
5
4.8
4.85
4.81667
7.18333
4.78333
2.91667
4.83333
3.25
4.76667
4.78333
4.58333
4.86667
4.85
4.8
4.76667
5.6
4.83333
1.8
4.78333
2.13333
4.81667
4.71667
5.16667
4.73333
1.73333
4.7
5.55
4.75
2.08333
4.75
8.83333
4.7
4.66667
4.73333
8.88333
4.71667
4.68333
2.08333
4.9
1.81667
4.7
1.73333
4.65
1.5
4.71667
5.15
4.66667
4.63333
8.83333
5.06667
4.61667
4.65
8.78333
1.68333
4.63333
1.65
4.98333
1.56667
4.85
1.66667
4.58333
1.55
4.8
1.6
4.6
8.06667
4
4.55
3.91667
6.66667
2.86667
4.56667
2.78333
4.46667
4.01667
8.08333
3.96667
8.08333
4.5
4.46667
5.1
8.73333
4.51667
4.48333
8.71667
8.61667
4.4
4.5
7.05
4.53333
1.41667
4.51667
1.71667
4.41667
2.88333
6.68333
2.83333
4.36667
6.88333
6.7
4.33333
4.45
1.43333
4.4
1.36667
6.68333
4.48333
4.41667
4.38333
6.7
7.05
4.36667
4.4
4.43333
3.18333
4.38333
1.35
3.06667
4.33333
3.55
6.88333
1.35
4.35
2.83333
4.43333
6.35
4.25
4.3
6.31667
8.48333
4.28333
4.31667
8.51667
8.26667
4.3
4.18333
8.31667
2.53333
6.31667
2.58333
4.25
2.55
4.31667
2.6
4.26667
7.75
4.06667
4.21667
7.71667
8.4
4.2
4.23333
8.43333
8.25
4.21667
4.13333
8.33333
4.16667
4.05
4.28333
4.13333
4.18333
4.15
8.26667
4.11667
2.76667
4.16667
6.63333
4.1
4.11667
4.03333
4.2
4.18333
4.13333
4.1
8.25
4.16667
3.9
4.11667
8.03333
4.15
3.66667
7.71667
3.71667
4.06667
3.68333
4.23333
3.73333
4.08333
1.2
4.18333
1.28333
4.03333
1.18333
4.13333
1.23333
4.05
3.98333
4.53333
7.86667
3.95
7.86667
4.56667
3.98333
3.93333
4.01667
1.45
4
1
1.71667
3.95
5.05
4.53333
1
3.96667
3.76667
4.01667
7.85
3.91667
3.88333
4
8.03333
3.93333
3.9
4.56667
4.1
1.18333
3.91667
2.76667
3.86667
0.95
3.93333
1.01667
3.88333
3.85
7.85
3.76667
3.78333
3.86667
7.81667
3.75
7.81667
3.81667
3.78333
5.18333
7.91667
3.83333
3.8
7.9
7.73333
3.68333
3.81667
5.46667
3.85
0.9
3.83333
1.76667
1.01667
3.75
3.95
3.86667
1.76667
3.76667
5.13333
3.85
3.7
1.23333
4.06667
1.15
3.65
5.3
4.08333
3.61667
3.73333
0.916667
3.68333
0.85
4.06667
3.8
3.7
3.66667
4.08333
5.46667
3.65
3.68333
3.71667
2.06667
3.66667
0.833333
1.95
3.61667
2.5
5.3
0.833333
3.63333
1.15
3.71667
3.56667
6.86667
6.43333
3.53333
6.43333
6.5
3.56667
2.7
3.6
3.41667
3.58333
0.75
3.05
3.53333
4.35
6.86667
0.75
3.55
2.61667
3.6
6.18333
3.43333
3.5
7.41667
7.48333
3.48333
3.51667
7.51667
5.75
3.5
3.33333
7.28333
3.41667
6.8
3.45
3.03333
3.4
7.41667
3.46667
3.43333
2.43333
3.51667
1.06667
3.45
3.46667
3.56667
3.4
0.733333
3.45
6.2
3.41667
2.43333
6.9
3.1
3.36667
6.93333
7.31667
3.35
3.38333
7.35
7.23333
3.36667
3.28333
7.3
3.31667
3.01667
3.48333
3.28333
3.33333
3.3
5.75
3.26667
1.05
3.31667
2.18333
3.25
3.26667
3
3.35
3.33333
3.28333
3.25
7.23333
3.31667
2.9
3.26667
4.81667
3.3
6.91667
3.15
3.21667
7.03333
7.1
3.2
3.23333
7.13333
4.95
3.21667
2.95
4.91667
3.13333
4.36667
3.16667
1.33333
3.11667
7.03333
3.18333
3.15
3.1
3.23333
2.98333
3.16667
3.18333
6.85
3.11667
3.08333
3.16667
6.93333
3.13333
3.1
3.15
3.38333
2.96667
3.11667
1.33333
3.06667
0.533333
3.13333
4.35
3.08333
3.05
6.85
3.55
3.03333
3.06667
6.8
0.733333
3.05
0.7
3.46667
0.616667
3.33333
0.716667
3
0.6
3.28333
0.65
3.01667
2.96667
0.583333
3.15
0.55
2.98333
0.65
3.1
0.533333
2.93333
1.31667
3.2
1.63333
2.95
1.66667
4.95
1.65
4.81667
1.56667
2.9
1.8
3.25
0.6
2.91667
1.05
2.85
4.45
6.46667
2.81667
6.46667
4.55
2.85
2.8
2.88333
1.46667
2.86667
0.433333
1.36667
2.81667
4.33333
4.45
0.433333
2.83333
2.63333
2.88333
6.45
2.78333
2.75
2.86667
6.63333
2.8
2.76667
4.55
4.15
1.2
2.78333
3.9
2.73333
0.383333
2.8
0.45
2.75
2.71667
6.45
2.63333
2.65
2.73333
6.41667
2.61667
6.41667
2.68333
2.65
3.58333
6.51667
2.7
2.66667
6.5
6.33333
2.55
2.68333
5.93333
2.71667
0.333333
2.7
0.766667
0.45
2.61667
2.81667
2.73333
0.766667
2.63333
3.53333
2.71667
2.56667
1.28333
4.25
1.26667
2.51667
5.28333
4.26667
2.48333
2.6
0.35
2.55
0.283333
4.25
2.66667
2.56667
2.53333
4.26667
5.93333
2.51667
2.55
2.58333
2.31667
2.53333
0.266667
1.93333
2.48333
3.63333
5.28333
0.266667
2.5
1.26667
2.58333
5.88333
2.28333
2.45
5.91667
6.16667
2.43333
2.46667
6.2
3.43333
2.45
1.08333
3.4
5.9
2.33333
2.4
6.01667
6.08333
2.38333
2.41667
6.11667
5.66667
2.4
2.21667
5.71667
2.31667
5.21667
2.35
1.91667
2.3
6.01667
2.36667
2.33333
2.28333
2.41667
1.1
2.35
2.36667
2.51667
2.3
0.25
2.35
5.91667
2.31667
2.28333
2.33333
2.46667
1.11667
2.3
5.31667
1.98333
2.25
5.35
5.8
2.23333
2.26667
5.83333
5.65
2.25
2.16667
5.73333
2.2
1.9
2.38333
2.16667
2.21667
2.18333
5.66667
2.15
1.03333
2.2
3.3
2.13333
2.15
1.88333
2.23333
2.21667
2.16667
2.13333
5.65
2.2
1.78333
2.15
4.76667
2.18333
5.33333
2.03333
2.1
5.45
5.51667
2.08333
2.11667
5.55
4.68333
2.1
1.83333
4.73333
2.01667
3.65
2.05
0.816667
2
5.45
2.06667
2.03333
1.98333
2.11667
1.86667
2.05
2.06667
5.26667
2
1.96667
2.05
5.35
2.01667
1.98333
2.03333
2.26667
1.85
2
0.816667
1.95
0
2.01667
3.63333
1.96667
1.93333
5.26667
2.5
1.91667
1.95
5.21667
0.25
1.93333
0.166667
2.36667
0.0833333
2.21667
0.183333
1.88333
0.0666667
2.16667
0.116667
1.9
1.85
0.05
2.03333
0.0166667
1.86667
0.116667
1.98333
0
1.81667
0.8
2.08333
1.51667
1.83333
1.6
4.68333
1.5
4.76667
1.55
1.78333
2.91667
2.13333
0.0666667
1.8
1.03333
3.75
0.883333
1.75
3.78333
5.13333
1.73333
1.76667
5.16667
4.66667
1.75
1.51667
4.75
3.96667
1.4
1.7
4.46667
5.05
1.68333
1.71667
5.08333
4.61667
1.7
1.63333
4.93333
1.58333
2.93333
4.6
1.61667
1.63333
1.61667
4.61667
2.93333
1.65
1.3
1.68333
2.95
-0.2
1.65
1.48333
1.66667
1.53333
1.81667
4.58333
1.48333
1.66667
0.466667
1.56667
-0.2
4.6
2.91667
1.58333
1.55
4.58333
1.8
1.53333
1.56667
1.6
-0.0666667
1.55
-0.216667
1.5
0.783333
1.73333
1.83333
1.51667
1.48333
4.66667
1.81667
-0.216667
1.5
1.61667
1.6
1.43333
2.85
1.45
0.416667
1.41667
3.98333
1.46667
0.983333
1.46667
4.41667
1.41667
1.38333
1.45
4.46667
1.43333
1.4
0.983333
1.71667
-0.15
1.41667
0.416667
1.36667
-0.283333
1.43333
2.83333
1.38333
1.35
4.41667
4.33333
1.33333
1.36667
4.36667
3.08333
1.35
0.55
3.18333
0.466667
2.95
0.583333
1.3
-0.183333
1.63333
-0.166667
1.31667
1.21667
2.6
4.05
1.25
0.283333
1.25
2.48333
2.6
-0.333333
1.26667
1.13333
1.28333
1.16667
3.73333
4.03333
1.13333
1.28333
0.4
1.2
-0.333333
4.05
2.76667
1.21667
1.18333
4.03333
3.9
1.16667
1.2
1.23333
0.966667
1.18333
-0.35
0.85
1.13333
3.61667
3.73333
-0.35
1.15
1.25
1.23333
1.1
0.2
2.28333
0.15
1.11667
0.183333
2.33333
0.166667
1.06667
0.233333
2.43333
0.683333
1.08333
0.716667
3.43333
0.7
3.3
0.616667
1.03333
2.9
2.18333
0.0833333
1.05
1.78333
3.76667
0.933333
1
3.88333
3.95
0.983333
1.01667
3.98333
1.4
1
-0.133333
1.45
0.916667
1.16667
0.95
-0.366667
0.9
3.88333
0.966667
0.933333
0.883333
1.01667
-0.0833333
0.95
0.966667
3.7
0.9
0.866667
0.95
3.78333
0.916667
0.883333
0.933333
1.76667
-0.1
0.9
-0.366667
0.85
-0.5
0.916667
1.15
0.866667
0.833333
3.7
3.61667
0.816667
0.85
3.65
1.96667
0.833333
0.0166667
2.06667
-0.0666667
1.83333
0.05
0.783333
-0.233333
1.51667
-0.116667
0.8
2.61667
0.316667
0.75
2.65
3.53333
0.733333
0.766667
3.56667
3.03333
0.75
0.683333
3.41667
0.633333
1.06667
3.01667
0.666667
0.683333
0.666667
3.03333
1.06667
0.7
0.216667
0.733333
1.08333
-0.616667
0.7
0.516667
0.716667
0.566667
2.96667
3
0.516667
0.716667
-0.433333
0.616667
-0.616667
3.01667
1.05
0.633333
0.6
3
2.9
0.566667
0.616667
0.483333
2.98333
1.31667
0.5
0.65
0.483333
0.6
-0.633333
0.533333
0.5
1.33333
2.98333
0.55
0.516667
3.08333
2.96667
-0.633333
0.533333
0.666667
0.65
-0.65
0.55
-0.3
0.583333
0.583333
0.566667
0.466667
-0.65
1.31667
1.58333
0.483333
-0.183333
2.63333
0.366667
0.433333
2.75
2.81667
0.416667
0.45
2.85
1.38333
0.433333
-0.266667
1.46667
0.35
1.21667
0.383333
-0.316667
0.333333
2.75
0.4
0.366667
0.316667
0.45
-0.55
0.383333
0.4
2.56667
0.333333
0.3
0.383333
2.65
0.35
0.316667
0.366667
0.766667
-0.566667
0.333333
-0.316667
0.283333
-0.75
0.35
1.26667
0.3
0.266667
2.56667
2.48333
0.25
0.283333
2.51667
1.91667
0.266667
0.15
2.31667
-0.433333
1.08333
0.2
0.216667
-0.6
0.683333
-0.583333
0.233333
-0.416667
1.11667
0.233333
-0.4
0.1
1.1
1.9
0.133333
0.15
0.133333
1.91667
1.1
0.166667
-0.4
0.25
1.11667
-0.8
0.166667
-0.0166667
0.183333
0.0333333
1.85
1.88333
-0.0166667
0.183333
-0.416667
0.0833333
-0.8
1.9
1.03333
0.1
0.0666667
1.88333
1.78333
0.0333333
0.0833333
-0.05
1.86667
0.8
-0.0333333
0.116667
-0.05
0.0666667
-0.816667
0
-0.0333333
0.816667
1.86667
0.0166667
-0.0166667
1.96667
1.85
-0.816667
0
0.133333
0.116667
-0.833333
0.0166667
-0.516667
0.05
0.05
0.0333333
-0.0666667
-0.833333
0.8
1.53333
-0.05
-0.233333
-0.1
-0.45
0.933333
-0.483333
-0.0833333
-0.116667
0.883333
-0.5
-0.466667
-0.1
0.783333
-0.516667
-0.15
-0.383333
0.983333
-0.266667
-0.133333
-0.166667
1.4
-0.283333
-0.25
-0.15
1.3
-0.3
1.3
-0.2
-0.25
0.466667
1.61667
-0.183333
-0.216667
1.58333
1.48333
-0.233333
-0.2
1.53333
0.783333
-0.216667
-0.466667
-0.0666667
-0.166667
-0.883333
-0.183333
-0.666667
-0.283333
-0.533333
0.416667
-0.133333
-0.266667
-0.3
1.38333
-0.15
-0.666667
-0.283333
0.5
-0.166667
0.3
-0.333333
-0.733333
0.4
1.25
-0.316667
-0.35
1.21667
1.13333
-0.366667
-0.333333
1.16667
0.866667
-0.35
-0.483333
0.966667
-0.883333
-0.133333
-0.45
-0.533333
-0.783333
0.15
-0.766667
0.2
0.2
0.1
-0.433333
-0.783333
0.233333
0.633333
-0.416667
-0.6
-0.866667
-0.0833333
-0.383333
-0.683333
-0.116667
-0.866667
-0.233333
-0.85
-0.5
-0.683333
-0.366667
-0.0833333
-0.483333
-0.516667
0.866667
-0.1
-0.85
-0.5
-0.0333333
-0.116667
-0.9
-0.266667
-0.7
-0.383333
-0.566667
-0.7
0.366667
-0.733333
-0.55
-0.583333
0.316667
-0.75
-0.716667
-0.566667
0.216667
-0.766667
0.216667
-0.616667
-0.716667
-0.433333
0.666667
-0.6
-0.633333
0.633333
0.516667
-0.65
-0.616667
0.566667
0.5
-0.633333
-0.666667
0.483333
-0.3
-0.9
-0.65
-0.25
-0.95
-0.483333
-0.916667
-0.45
-0.966667
-0.55
-0.533333
-0.916667
-0.583333
-0.966667
-0.6
-0.933333
-0.75
-0.916667
-0.316667
-0.55
-0.733333
-0.766667
0.3
-0.566667
-0.933333
-0.75
-0.4
-0.583333
-0.4
-0.8
-0.933333
-0.416667
0.133333
-0.783333
-0.816667
0.1
-0.0166667
-0.833333
-0.8
0.0333333
-0.0333333
-0.816667
-0.85
-0.05
-0.516667
-0.95
-0.833333
-0.466667
-0.45
-0.466667
-0.883333
-0.95
-0.383333
-0.25
-0.866667
-0.9
-0.533333
-0.666667
-0.966667
-0.883333
-0.983333
-0.733333
-0.683333
-0.7
-0.766667
-0.983333
-0.783333
-0.716667
-0.683333
-0.85
-0.983333
-0.866667
-0.7
-0.716667
-0.9
-0.983333
-0.916667
-0.933333
-0.95
