-0.996528
-0.994792
-0.993056
-0.991319
-0.998264
-0.989583
-0.970486
-0.96875
-0.986111
-0.998264
-0.984375
-0.967014
-0.970486
-0.977431
-0.998264
-0.975694
-0.96875
-0.967014
-0.972222
-0.998264
-0.987847
-0.996528
-0.965278
-0.951389
-0.989583
-0.986111
-0.921875
-0.935764
-0.994792
-0.987847
-0.944444
-0.942708
-0.944444
-0.982639
-0.994792
-0.949653
-0.901042
-0.984375
-0.980903
-0.899306
-0.892361
-0.979167
-0.982639
-0.897569
-0.885417
-0.980903
-0.977431
-0.881944
-0.939236
-0.993056
-0.979167
-0.9375
-0.956597
-0.9375
-0.973958
-0.993056
-0.954861
-0.864583
-0.975694
-0.972222
-0.953125
-0.928819
-0.991319
-0.973958
-0.993056
-0.958333
-0.996528
-0.956597
-0.991319
-0.951389
-0.953125
-0.996528
-0.942708
-0.991319
-0.946181
-0.994792
-0.921875
-0.963542
-0.989583
-0.927083
-0.845486
-0.965278
-0.961806
-0.84375
-0.836806
-0.960069
-0.963542
-0.842014
-0.829861
-0.961806
-0.958333
-0.826389
-0.940972
-0.970486
-0.960069
-0.873264
-0.975694
-0.873264
-0.954861
-0.970486
-0.973958
-0.862847
-0.956597
-0.953125
-0.972222
-0.857639
-0.96875
-0.954861
-0.935764
-0.96875
-0.923611
-0.989583
-0.907986
-0.899306
-0.947917
-0.984375
-0.90625
-0.805556
-0.949653
-0.946181
-0.904514
-0.934028
-0.967014
-0.947917
-0.984375
-0.920139
-0.986111
-0.907986
-0.967014
-0.935764
-0.904514
-0.986111
-0.958333
-0.939236
-0.829861
-0.871528
-0.977431
-0.940972
-0.885417
-0.875
-0.875
-0.975694
-0.880208
-0.977431
-0.951389
-0.942708
-0.909722
-0.987847
-0.795139
-0.946181
-0.932292
-0.805556
-0.774306
-0.930556
-0.934028
-0.777778
-0.769097
-0.932292
-0.928819
-0.765625
-0.854167
-0.972222
-0.930556
-0.864583
-0.913194
-0.84375
-0.925347
-0.965278
-0.911458
-0.751736
-0.927083
-0.923611
-0.909722
-0.852431
-0.951389
-0.925347
-0.965278
-0.914931
-0.987847
-0.913194
-0.902778
-0.944444
-0.918403
-0.814236
-0.736111
-0.916667
-0.920139
-0.741319
-0.730903
-0.918403
-0.914931
-0.727431
-0.847222
-0.921875
-0.916667
-0.760417
-0.927083
-0.760417
-0.911458
-0.921875
-0.925347
-0.75
-0.913194
-0.909722
-0.923611
-0.793403
-0.935764
-0.911458
-0.949653
-0.814236
-0.90625
-0.944444
-0.947917
-0.803819
-0.907986
-0.904514
-0.946181
-0.798611
-0.942708
-0.90625
-0.920139
-0.901042
-0.736111
-0.8125
-0.982639
-0.902778
-0.892361
-0.890625
-0.890625
-0.949653
-0.894097
-0.982639
-0.883681
-0.881944
-0.895833
-0.980903
-0.703125
-0.690972
-0.897569
-0.894097
-0.701389
-0.810764
-0.899306
-0.895833
-0.980903
-0.888889
-0.901042
-0.883681
-0.899306
-0.8125
-0.701389
-0.901042
-0.887153
-0.892361
-0.710069
-0.699653
-0.888889
-0.885417
-0.788194
-0.697917
-0.979167
-0.887153
-0.939236
-0.876736
-0.897569
-0.699653
-0.703125
-0.892361
-0.876736
-0.897569
-0.878472
-0.979167
-0.779514
-0.869792
-0.9375
-0.878472
-0.78125
-0.696181
-0.881944
-0.880208
-0.881944
-0.697917
-0.78125
-0.885417
-0.9375
-0.871528
-0.779514
-0.939236
-0.871528
-0.956597
-0.824653
-0.958333
-0.873264
-0.875
-0.782986
-0.940972
-0.654514
-0.880208
-0.868056
-0.696181
-0.633681
-0.866319
-0.869792
-0.637153
-0.628472
-0.868056
-0.864583
-0.763889
-0.859375
-0.973958
-0.866319
-0.928819
-0.861111
-0.954861
-0.815972
-0.857639
-0.862847
-0.859375
-0.619792
-0.855903
-0.864583
-0.861111
-0.628472
-0.854167
-0.855903
-0.953125
-0.848958
-0.862847
-0.857639
-0.854167
-0.609375
-0.861111
-0.928819
-0.855903
-0.769097
-0.859375
-0.743056
-0.923611
-0.850694
-0.751736
-0.598958
-0.848958
-0.852431
-0.602431
-0.609375
-0.850694
-0.857639
-0.621528
-0.914931
-0.845486
-0.730903
-0.758681
-0.963542
-0.847222
-0.836806
-0.835069
-0.835069
-0.927083
-0.838542
-0.963542
-0.828125
-0.826389
-0.840278
-0.961806
-0.586806
-0.574653
-0.842014
-0.838542
-0.585069
-0.756944
-0.84375
-0.840278
-0.961806
-0.833333
-0.845486
-0.828125
-0.84375
-0.758681
-0.585069
-0.845486
-0.831597
-0.836806
-0.59375
-0.583333
-0.833333
-0.829861
-0.786458
-0.581597
-0.960069
-0.831597
-0.940972
-0.821181
-0.842014
-0.583333
-0.586806
-0.836806
-0.821181
-0.842014
-0.822917
-0.960069
-0.782986
-0.819444
-0.873264
-0.822917
-0.784722
-0.579861
-0.826389
-0.824653
-0.826389
-0.581597
-0.784722
-0.829861
-0.539931
-0.824653
-0.817708
-0.579861
-0.524306
-0.815972
-0.819444
-0.527778
-0.619792
-0.817708
-0.862847
-0.623264
-0.8125
-0.907986
-0.737847
-0.920139
-0.814236
-0.890625
-0.704861
-0.902778
-0.680556
-0.894097
-0.809028
-0.690972
-0.515625
-0.807292
-0.810764
-0.519097
-0.510417
-0.809028
-0.805556
-0.776042
-0.800347
-0.947917
-0.807292
-0.934028
-0.802083
-0.90625
-0.711806
-0.798611
-0.803819
-0.800347
-0.501736
-0.796875
-0.805556
-0.802083
-0.510417
-0.795139
-0.796875
-0.904514
-0.789931
-0.803819
-0.798611
-0.795139
-0.491319
-0.802083
-0.934028
-0.796875
-0.774306
-0.800347
-0.744792
-0.909722
-0.791667
-0.75
-0.480903
-0.789931
-0.793403
-0.484375
-0.491319
-0.791667
-0.798611
-0.503472
-0.710069
-0.786458
-0.887153
-0.668403
-0.59375
-0.788194
-0.831597
-0.552083
-0.822917
-0.538194
-0.821181
-0.782986
-0.824653
-0.642361
-0.871528
-0.784722
-0.878472
-0.652778
-0.876736
-0.779514
-0.880208
-0.657986
-0.875
-0.78125
-0.767361
-0.765625
-0.776042
-0.932292
-0.506944
-0.519097
-0.777778
-0.807292
-0.932292
-0.772569
-0.795139
-0.767361
-0.770833
-0.774306
-0.489583
-0.475694
-0.772569
-0.769097
-0.607639
-0.473958
-0.930556
-0.770833
-0.854167
-0.762153
-0.777778
-0.475694
-0.506944
-0.774306
-0.762153
-0.777778
-0.763889
-0.930556
-0.625
-0.637153
-0.765625
-0.866319
-0.765625
-0.473958
-0.625
-0.769097
-0.758681
-0.913194
-0.725694
-0.914931
-0.760417
-0.835069
-0.588542
-0.847222
-0.564236
-0.838542
-0.755208
-0.574653
-0.440972
-0.753472
-0.756944
-0.444444
-0.435764
-0.755208
-0.751736
-0.600694
-0.746528
-0.925347
-0.753472
-0.852431
-0.748264
-0.911458
-0.717014
-0.793403
-0.75
-0.746528
-0.430556
-0.744792
-0.751736
-0.748264
-0.435764
-0.743056
-0.793403
-0.743056
-0.480903
-0.748264
-0.852431
-0.744792
-0.598958
-0.746528
-0.729167
-0.727431
-0.739583
-0.918403
-0.706597
-0.409722
-0.741319
-0.737847
-0.704861
-0.715278
-0.814236
-0.739583
-0.918403
-0.734375
-0.902778
-0.729167
-0.732639
-0.736111
-0.708333
-0.418403
-0.734375
-0.730903
-0.592014
-0.416667
-0.916667
-0.732639
-0.847222
-0.722222
-0.741319
-0.418403
-0.706597
-0.736111
-0.722222
-0.741319
-0.723958
-0.916667
-0.588542
-0.720486
-0.760417
-0.723958
-0.590278
-0.414931
-0.727431
-0.725694
-0.727431
-0.416667
-0.590278
-0.730903
-0.381944
-0.725694
-0.71875
-0.414931
-0.366319
-0.717014
-0.720486
-0.369792
-0.430556
-0.71875
-0.75
-0.482639
-0.401042
-0.737847
-0.713542
-0.409722
-0.357639
-0.711806
-0.715278
-0.361111
-0.501736
-0.713542
-0.803819
-0.505208
-0.788194
-0.708333
-0.888889
-0.673611
-0.592014
-0.710069
-0.734375
-0.399306
-0.739583
-0.407986
-0.729167
-0.704861
-0.737847
-0.678819
-0.8125
-0.706597
-0.895833
-0.689236
-0.883681
-0.701389
-0.894097
-0.684028
-0.890625
-0.703125
-0.697917
-0.883681
-0.670139
-0.888889
-0.699653
-0.876736
-0.664931
-0.887153
-0.649306
-0.878472
-0.694444
-0.869792
-0.352431
-0.692708
-0.696181
-0.635417
-0.347222
-0.694444
-0.690972
-0.517361
-0.685764
-0.895833
-0.692708
-0.810764
-0.6875
-0.703125
-0.659722
-0.684028
-0.689236
-0.685764
-0.338542
-0.682292
-0.690972
-0.6875
-0.347222
-0.680556
-0.682292
-0.701389
-0.675347
-0.689236
-0.684028
-0.680556
-0.328125
-0.6875
-0.810764
-0.682292
-0.515625
-0.685764
-0.402778
-0.704861
-0.677083
-0.407986
-0.317708
-0.675347
-0.678819
-0.321181
-0.328125
-0.677083
-0.684028
-0.340278
-0.668403
-0.399306
-0.671875
-0.710069
-0.666667
-0.307292
-0.673611
-0.670139
-0.664931
-0.663194
-0.699653
-0.671875
-0.673611
-0.552083
-0.666667
-0.788194
-0.671875
-0.305556
-0.668403
-0.664931
-0.670139
-0.647569
-0.697917
-0.666667
-0.298611
-0.670139
-0.661458
-0.307292
-0.288194
-0.659722
-0.663194
-0.291667
-0.338542
-0.661458
-0.689236
-0.342014
-0.65625
-0.779514
-0.638889
-0.652778
-0.657986
-0.654514
-0.279514
-0.651042
-0.869792
-0.65625
-0.633681
-0.649306
-0.651042
-0.78125
-0.644097
-0.657986
-0.652778
-0.649306
-0.269097
-0.65625
-0.696181
-0.651042
-0.352431
-0.654514
-0.300347
-0.664931
-0.645833
-0.305556
-0.258681
-0.644097
-0.647569
-0.262153
-0.269097
-0.645833
-0.652778
-0.28125
-0.541667
-0.782986
-0.640625
-0.538194
-0.25
-0.638889
-0.642361
-0.253472
-0.279514
-0.640625
-0.657986
-0.282986
-0.626736
-0.763889
-0.635417
-0.868056
-0.345486
-0.517361
-0.637153
-0.694444
-0.868056
-0.631944
-0.654514
-0.626736
-0.630208
-0.633681
-0.277778
-0.451389
-0.631944
-0.628472
-0.618056
-0.453125
-0.866319
-0.630208
-0.859375
-0.625
-0.637153
-0.451389
-0.345486
-0.633681
-0.763889
-0.453125
-0.762153
-0.628472
-0.612847
-0.527778
-0.621528
-0.815972
-0.611111
-0.602431
-0.623264
-0.848958
-0.815972
-0.614583
-0.861111
-0.612847
-0.277778
-0.616319
-0.630208
-0.236111
-0.21875
-0.618056
-0.614583
-0.217014
-0.522569
-0.619792
-0.616319
-0.227431
-0.623264
-0.227431
-0.611111
-0.619792
-0.621528
-0.223958
-0.612847
-0.609375
-0.848958
-0.604167
-0.855903
-0.611111
-0.489583
-0.605903
-0.770833
-0.463542
-0.421875
-0.607639
-0.604167
-0.204861
-0.597222
-0.609375
-0.605903
-0.223958
-0.595486
-0.621528
-0.600694
-0.850694
-0.432292
-0.444444
-0.602431
-0.753472
-0.850694
-0.597222
-0.743056
-0.595486
-0.604167
-0.598958
-0.421875
-0.222222
-0.602431
-0.222222
-0.432292
-0.598958
-0.786458
-0.592014
-0.833333
-0.557292
-0.708333
-0.59375
-0.732639
-0.394097
-0.723958
-0.380208
-0.722222
-0.588542
-0.725694
-0.5625
-0.758681
-0.590278
-0.840278
-0.572917
-0.828125
-0.585069
-0.838542
-0.567708
-0.835069
-0.586806
-0.581597
-0.828125
-0.553819
-0.833333
-0.583333
-0.821181
-0.548611
-0.831597
-0.534722
-0.822917
-0.578125
-0.819444
-0.1875
-0.576389
-0.579861
-0.526042
-0.182292
-0.578125
-0.574653
-0.442708
-0.569444
-0.840278
-0.576389
-0.756944
-0.571181
-0.586806
-0.543403
-0.567708
-0.572917
-0.569444
-0.173611
-0.565972
-0.574653
-0.571181
-0.182292
-0.564236
-0.565972
-0.585069
-0.559028
-0.572917
-0.567708
-0.564236
-0.163194
-0.571181
-0.756944
-0.565972
-0.440972
-0.569444
-0.383681
-0.588542
-0.560764
-0.380208
-0.152778
-0.559028
-0.5625
-0.15625
-0.163194
-0.560764
-0.567708
-0.175347
-0.552083
-0.394097
-0.555556
-0.59375
-0.550347
-0.142361
-0.557292
-0.553819
-0.548611
-0.546875
-0.583333
-0.555556
-0.557292
-0.668403
-0.550347
-0.786458
-0.555556
-0.296875
-0.552083
-0.548611
-0.553819
-0.532986
-0.581597
-0.550347
-0.135417
-0.553819
-0.545139
-0.142361
-0.130208
-0.543403
-0.546875
-0.133681
-0.173611
-0.545139
-0.572917
-0.177083
-0.642361
-0.539931
-0.25
-0.536458
-0.819444
-0.541667
-0.524306
-0.534722
-0.536458
-0.784722
-0.529514
-0.642361
-0.538194
-0.534722
-0.123264
-0.541667
-0.579861
-0.536458
-0.1875
-0.539931
-0.137153
-0.548611
-0.53125
-0.296875
-0.112847
-0.529514
-0.532986
-0.116319
-0.123264
-0.53125
-0.538194
-0.251736
-0.520833
-0.623264
-0.526042
-0.817708
-0.180556
-0.442708
-0.527778
-0.578125
-0.817708
-0.522569
-0.539931
-0.520833
-0.614583
-0.524306
-0.21875
-0.225694
-0.527778
-0.225694
-0.180556
-0.524306
-0.508681
-0.776042
-0.517361
-0.809028
-0.34375
-0.635417
-0.519097
-0.692708
-0.809028
-0.513889
-0.680556
-0.508681
-0.512153
-0.515625
-0.326389
-0.470486
-0.513889
-0.510417
-0.5
-0.472222
-0.807292
-0.512153
-0.800347
-0.506944
-0.519097
-0.470486
-0.34375
-0.515625
-0.776042
-0.472222
-0.767361
-0.510417
-0.494792
-0.361111
-0.503472
-0.711806
-0.493056
-0.484375
-0.505208
-0.789931
-0.711806
-0.496528
-0.802083
-0.494792
-0.326389
-0.498264
-0.512153
-0.0902778
-0.0729167
-0.5
-0.496528
-0.0711806
-0.355903
-0.501736
-0.498264
-0.0815972
-0.505208
-0.0815972
-0.493056
-0.501736
-0.503472
-0.078125
-0.494792
-0.491319
-0.789931
-0.486111
-0.796875
-0.493056
-0.607639
-0.487847
-0.772569
-0.46875
-0.420139
-0.489583
-0.486111
-0.0590278
-0.479167
-0.491319
-0.487847
-0.078125
-0.477431
-0.503472
-0.482639
-0.791667
-0.423611
-0.369792
-0.484375
-0.717014
-0.791667
-0.479167
-0.744792
-0.477431
-0.486111
-0.480903
-0.420139
-0.0763889
-0.484375
-0.0763889
-0.423611
-0.480903
-0.473958
-0.767361
-0.465278
-0.772569
-0.475694
-0.762153
-0.460069
-0.770833
-0.470486
-0.506944
-0.454861
-0.512153
-0.472222
-0.508681
-0.0920139
-0.513889
-0.463542
-0.0590278
-0.467014
-0.489583
-0.461806
-0.0364583
-0.46875
-0.465278
-0.460069
-0.458333
-0.475694
-0.467014
-0.46875
-0.204861
-0.461806
-0.607639
-0.467014
-0.0347222
-0.463542
-0.460069
-0.465278
-0.449653
-0.473958
-0.461806
-0.0277778
-0.465278
-0.456597
-0.0364583
-0.0173611
-0.454861
-0.458333
-0.0208333
-0.0920139
-0.456597
-0.472222
-0.0885417
-0.451389
-0.625
-0.446181
-0.630208
-0.453125
-0.626736
-0.237847
-0.631944
-0.0295139
-0.460069
-0.447917
-0.0347222
-0.00868056
-0.446181
-0.449653
-0.0121528
-0.237847
-0.447917
-0.453125
-0.234375
-0.434028
-0.600694
-0.442708
-0.755208
-0.178819
-0.526042
-0.444444
-0.576389
-0.755208
-0.439236
-0.564236
-0.434028
-0.4375
-0.440972
-0.161458
-0.197917
-0.439236
-0.435764
-0.428819
-0.199653
-0.753472
-0.4375
-0.746528
-0.432292
-0.444444
-0.197917
-0.178819
-0.440972
-0.600694
-0.199653
-0.595486
-0.435764
-0.717014
-0.425347
-0.748264
-0.423611
-0.161458
-0.427083
-0.4375
0.00173611
0.0121528
-0.428819
-0.425347
0.0138889
-0.364583
-0.430556
-0.427083
-0.0538194
-0.482639
-0.0538194
-0.477431
-0.430556
-0.605903
-0.420139
-0.597222
-0.201389
-0.487847
-0.421875
-0.479167
-0.0555556
-0.416667
-0.729167
-0.395833
-0.734375
-0.418403
-0.722222
-0.390625
-0.732639
-0.376736
-0.723958
-0.413194
-0.720486
0.0190972
-0.411458
-0.414931
-0.368056
0.0243056
-0.413194
-0.409722
-0.359375
-0.404514
-0.739583
-0.411458
-0.715278
-0.40625
-0.706597
-0.385417
-0.678819
-0.407986
-0.404514
0.0295139
-0.402778
-0.409722
-0.40625
0.0243056
-0.401042
-0.678819
-0.401042
-0.317708
-0.40625
-0.715278
-0.402778
-0.357639
-0.404514
-0.394097
-0.673611
-0.397569
-0.708333
-0.392361
-0.3125
-0.399306
-0.395833
-0.390625
-0.388889
-0.418403
-0.397569
-0.399306
-0.557292
-0.392361
-0.592014
-0.397569
-0.147569
-0.394097
-0.390625
-0.395833
-0.375
-0.416667
-0.392361
0.0434028
-0.395833
-0.387153
-0.3125
0.0486111
-0.385417
-0.388889
0.0451389
0.0295139
-0.387153
-0.407986
-0.319444
-0.5625
-0.381944
-0.152778
-0.378472
-0.720486
-0.383681
-0.366319
-0.376736
-0.378472
-0.590278
-0.371528
-0.5625
-0.380208
-0.376736
0.0555556
-0.383681
-0.414931
-0.378472
0.0190972
-0.381944
0.0416667
-0.390625
-0.373264
-0.147569
0.0659722
-0.371528
-0.375
0.0625
0.0555556
-0.373264
-0.380208
-0.154514
-0.362847
-0.482639
-0.368056
-0.71875
0.0260417
-0.359375
-0.369792
-0.413194
-0.71875
-0.364583
-0.381944
-0.362847
-0.425347
-0.366319
0.0121528
-0.0520833
-0.369792
-0.0520833
0.0260417
-0.366319
-0.354167
-0.505208
-0.359375
-0.713542
0.0277778
-0.368056
-0.361111
-0.411458
-0.713542
-0.355903
-0.401042
-0.354167
-0.496528
-0.357639
-0.0729167
-0.0798611
-0.361111
-0.0798611
0.0277778
-0.357639
-0.694444
-0.350694
-0.649306
-0.345486
-0.348958
-0.352431
-0.267361
-0.244792
-0.350694
-0.347222
-0.336806
-0.243056
-0.692708
-0.348958
-0.685764
-0.34375
-0.635417
-0.244792
-0.626736
-0.352431
-0.517361
-0.243056
-0.508681
-0.347222
-0.331597
-0.291667
-0.340278
-0.659722
-0.329861
-0.321181
-0.342014
-0.675347
-0.659722
-0.333333
-0.6875
-0.331597
-0.267361
-0.335069
-0.348958
0.0954861
0.107639
-0.336806
-0.333333
0.109375
-0.286458
-0.338542
-0.335069
0.0989583
-0.342014
0.0989583
-0.329861
-0.338542
-0.340278
0.102431
-0.331597
-0.328125
-0.675347
-0.322917
-0.682292
-0.329861
-0.5
-0.324653
-0.513889
-0.0954861
-0.0746528
-0.326389
-0.322917
0.121528
-0.315972
-0.328125
-0.324653
0.102431
-0.314236
-0.340278
-0.319444
-0.677083
0.0364583
0.0451389
-0.321181
-0.385417
-0.677083
-0.315972
-0.402778
-0.314236
-0.322917
-0.317708
-0.0746528
0.104167
-0.321181
0.104167
0.0364583
-0.317708
0.0399306
-0.397569
-0.310764
-0.388889
0.138889
-0.309028
-0.3125
0.046875
0.144097
-0.310764
-0.307292
-0.289931
-0.302083
-0.671875
-0.309028
-0.663194
-0.303819
-0.666667
-0.293403
-0.647569
-0.305556
-0.302083
0.149306
-0.300347
-0.307292
-0.303819
0.144097
-0.298611
-0.647569
-0.298611
-0.258681
-0.303819
-0.663194
-0.300347
-0.288194
-0.302083
-0.140625
-0.550347
-0.295139
-0.532986
0.157986
-0.293403
-0.296875
-0.114583
0.149306
-0.295139
-0.305556
-0.260417
-0.284722
-0.342014
-0.289931
-0.661458
0.147569
0.046875
-0.291667
-0.309028
-0.661458
-0.286458
-0.298611
-0.284722
-0.333333
-0.288194
0.107639
0.100694
-0.291667
0.100694
0.147569
-0.288194
-0.272569
-0.253472
-0.28125
-0.638889
-0.270833
-0.262153
-0.282986
-0.644097
-0.638889
-0.274306
-0.65625
-0.272569
-0.618056
-0.276042
-0.631944
-0.241319
-0.220486
-0.277778
-0.274306
0.182292
-0.248264
-0.279514
-0.276042
0.175347
-0.282986
0.175347
-0.270833
-0.279514
-0.28125
0.178819
-0.272569
-0.269097
-0.644097
-0.263889
-0.651042
-0.270833
-0.336806
-0.265625
-0.350694
0.0920139
0.105903
-0.267361
-0.263889
0.194444
-0.256944
-0.269097
-0.265625
0.178819
-0.255208
-0.28125
-0.260417
-0.645833
0.15625
-0.114583
-0.262153
-0.293403
-0.645833
-0.256944
-0.300347
-0.255208
-0.263889
-0.258681
0.105903
0.180556
-0.262153
0.180556
0.15625
-0.258681
-0.246528
-0.282986
-0.251736
-0.640625
-0.125
-0.116319
-0.253472
-0.529514
-0.640625
-0.248264
-0.541667
-0.246528
-0.274306
-0.25
-0.220486
0.177083
-0.253472
0.177083
-0.125
-0.25
-0.243056
-0.345486
-0.229167
-0.350694
-0.244792
-0.34375
-0.0833333
-0.348958
-0.236111
0.182292
-0.239583
-0.277778
-0.234375
0.229167
-0.241319
-0.237847
-0.446181
-0.232639
-0.451389
-0.239583
-0.241319
-0.217014
-0.234375
-0.618056
-0.239583
-0.0121528
-0.236111
-0.446181
-0.00694444
-0.237847
-0.230903
0.229167
0.239583
-0.229167
-0.232639
0.236111
-0.0833333
-0.230903
-0.244792
0.09375
-0.225694
-0.612847
-0.215278
-0.614583
-0.227431
-0.520833
-0.102431
-0.522569
-0.222222
-0.611111
-0.206597
-0.604167
-0.223958
-0.595486
-0.194444
-0.597222
-0.276042
-0.21875
-0.248264
0.1875
-0.616319
-0.220486
-0.522569
-0.211806
-0.211806
-0.236111
-0.213542
-0.616319
-0.102431
-0.210069
-0.227431
-0.213542
-0.104167
0.232639
-0.217014
-0.215278
-0.217014
0.1875
-0.104167
-0.21875
0.246528
-0.215278
-0.208333
0.232639
0.258681
-0.206597
-0.210069
-0.0260417
-0.194444
-0.208333
-0.223958
-0.203125
-0.201389
-0.463542
-0.203125
-0.605903
-0.196181
-0.0260417
-0.204861
-0.206597
-0.204861
-0.0555556
-0.196181
-0.421875
-0.197917
-0.432292
-0.189236
-0.4375
-0.199653
-0.434028
0
-0.439236
-0.203125
0.263889
-0.201389
-0.194444
-0.206597
-0.192708
-0.222222
-0.196181
0.260417
-0.194444
-0.190972
0.263889
0.276042
-0.189236
-0.192708
0.272569
0
-0.190972
-0.199653
0.00347222
-0.578125
-0.185764
-0.534722
-0.180556
-0.184028
-0.1875
-0.121528
-0.107639
-0.185764
-0.182292
-0.171875
-0.105903
-0.576389
-0.184028
-0.569444
-0.178819
-0.526042
-0.107639
-0.520833
-0.1875
-0.442708
-0.105903
-0.434028
-0.182292
-0.166667
-0.133681
-0.175347
-0.543403
-0.164931
-0.15625
-0.177083
-0.559028
-0.543403
-0.168403
-0.571181
-0.166667
-0.121528
-0.170139
-0.184028
0.284722
0.296875
-0.171875
-0.168403
0.298611
-0.128472
-0.173611
-0.170139
0.288194
-0.177083
0.288194
-0.164931
-0.173611
-0.175347
0.291667
-0.166667
-0.163194
-0.559028
-0.157986
-0.565972
-0.164931
-0.428819
-0.159722
-0.439236
-0.00347222
0.0104167
-0.161458
-0.157986
0.310764
-0.151042
-0.163194
-0.159722
0.291667
-0.149306
-0.175347
-0.154514
-0.560764
0.0538194
0.0625
-0.15625
-0.371528
-0.560764
-0.151042
-0.383681
-0.149306
-0.157986
-0.152778
0.0104167
0.293403
-0.15625
0.293403
0.0538194
-0.152778
0.0381944
-0.392361
-0.145833
-0.375
0.328125
-0.144097
-0.147569
0.0642361
0.333333
-0.145833
-0.142361
-0.131944
-0.138889
-0.555556
-0.144097
-0.546875
-0.296875
-0.138889
0.157986
-0.137153
-0.142361
-0.140625
0.333333
-0.135417
-0.532986
-0.135417
-0.112847
-0.140625
-0.546875
-0.137153
-0.130208
-0.138889
-0.126736
-0.177083
-0.131944
-0.545139
0.336806
0.0642361
-0.133681
-0.144097
-0.545139
-0.128472
-0.135417
-0.126736
-0.168403
-0.130208
0.296875
0.289931
-0.133681
0.289931
0.336806
-0.130208
-0.251736
0.211806
-0.246528
-0.123264
-0.529514
-0.118056
-0.536458
-0.125
-0.171875
-0.119792
-0.185764
0.28125
0.295139
-0.121528
-0.118056
0.354167
-0.111111
-0.123264
-0.119792
0.211806
-0.109375
-0.251736
-0.114583
-0.53125
0.161458
-0.260417
-0.116319
-0.295139
-0.53125
-0.111111
-0.137153
-0.109375
-0.118056
-0.112847
0.295139
0.213542
-0.116319
0.213542
0.161458
-0.112847
-0.105903
-0.180556
-0.0972222
-0.185764
-0.107639
-0.178819
0.00868056
-0.184028
-0.213542
0.248264
-0.211806
-0.102431
-0.215278
-0.100694
-0.225694
-0.104167
0.244792
-0.102431
-0.0989583
0.248264
0.371528
-0.0972222
-0.100694
0.368056
0.00868056
-0.0989583
-0.107639
0.282986
-0.0902778
0.121528
-0.09375
-0.326389
-0.0885417
0.381944
-0.0954861
-0.0920139
-0.454861
-0.0868056
-0.470486
-0.09375
-0.0954861
-0.0711806
-0.0885417
-0.5
-0.09375
-0.0208333
-0.0902778
-0.454861
-0.015625
-0.0920139
-0.0850694
0.381944
0.241319
-0.0833333
-0.0868056
0.388889
-0.229167
-0.0850694
-0.243056
0.0972222
-0.0798611
-0.494792
-0.0694444
-0.496528
-0.0815972
-0.354167
0.0850694
-0.355903
-0.0763889
-0.493056
-0.0607639
-0.486111
-0.078125
-0.477431
-0.0486111
-0.479167
-0.324653
-0.0729167
-0.315972
0.125
-0.498264
-0.0746528
-0.355903
-0.0659722
-0.0659722
-0.0902778
-0.0677083
-0.498264
0.0850694
-0.0642361
-0.0815972
-0.0677083
0.0833333
0.385417
-0.0711806
-0.0694444
-0.0711806
0.125
0.0833333
-0.0729167
0.395833
-0.0694444
-0.0625
0.385417
0.407986
-0.0607639
-0.0642361
-0.0416667
-0.0486111
-0.0625
-0.078125
-0.0572917
-0.0555556
-0.46875
-0.0572917
-0.487847
-0.0503472
-0.0416667
-0.0590278
-0.0607639
-0.0590278
-0.201389
-0.0503472
-0.420139
-0.0520833
-0.423611
-0.0434028
-0.425347
-0.0538194
-0.362847
0.0763889
-0.364583
-0.0572917
0.267361
-0.0555556
-0.0486111
-0.0607639
-0.046875
-0.0763889
-0.0503472
0.409722
-0.0486111
-0.0451389
0.267361
0.418403
-0.0434028
-0.046875
0.414931
0.0763889
-0.0451389
-0.0538194
0.015625
0.411458
-0.0572917
-0.0399306
-0.0625
0.423611
-0.0381944
-0.0416667
0.387153
0.428819
-0.0399306
-0.0364583
-0.0190972
-0.03125
-0.467014
-0.0381944
-0.458333
-0.0329861
-0.461806
-0.0225694
-0.449653
-0.0347222
-0.03125
0.434028
-0.0295139
-0.0364583
-0.0329861
0.428819
-0.0277778
-0.449653
-0.0277778
-0.00868056
-0.0329861
-0.458333
-0.0295139
-0.0173611
-0.03125
0.262153
-0.203125
-0.0243056
-0.208333
0.442708
-0.0225694
-0.0260417
0.234375
0.434028
-0.0243056
-0.0347222
-0.0104167
-0.0138889
-0.0885417
-0.0190972
-0.456597
0.432292
0.387153
-0.0208333
-0.0381944
-0.456597
-0.015625
-0.0277778
-0.0138889
-0.0868056
-0.0173611
0.241319
0.383681
-0.0208333
0.383681
0.432292
-0.0173611
-0.00520833
-0.234375
-0.0104167
-0.447917
0.440972
0.234375
-0.0121528
-0.0225694
-0.447917
-0.00694444
-0.0295139
-0.00520833
-0.232639
-0.00868056
0.239583
0.230903
-0.0121528
0.230903
0.440972
-0.00868056
0.00173611
0.310764
-0.00173611
-0.161458
0.00347222
0.477431
-0.00347222
0
-0.189236
0.00520833
-0.197917
-0.00173611
-0.00347222
0.0138889
0.00347222
-0.428819
-0.00173611
0.272569
0.00173611
-0.189236
0.277778
0
0.00694444
0.477431
0.373264
0.00868056
0.00520833
0.480903
-0.0972222
0.00694444
-0.105903
0.286458
-0.159722
0.0121528
-0.151042
0.314236
-0.427083
0.0104167
-0.364583
0.0173611
0.0173611
0.00173611
0.015625
-0.427083
0.0746528
0.414931
0.0138889
-0.0434028
0.0138889
0.314236
0.0746528
0.0121528
-0.413194
0.0208333
-0.376736
0.0260417
0.0225694
0.0190972
0.0572917
0.0711806
0.0208333
0.0243056
0.03125
0.0729167
-0.411458
0.0225694
-0.404514
0.0277778
-0.368056
0.0711806
-0.362847
0.0190972
-0.359375
0.0729167
-0.354167
0.0243056
-0.385417
0.0347222
-0.40625
0.0364583
0.0572917
0.0329861
0.0225694
0.498264
0.503472
0.03125
0.0347222
0.505208
0.0503472
0.0295139
0.0329861
0.126736
-0.319444
0.126736
-0.314236
0.0295139
-0.147569
0.0399306
0.328125
0.0416667
-0.3125
0.0381944
0.138889
0.0434028
-0.375
0.0434028
0.0659722
0.0381944
-0.388889
0.0416667
0.0486111
0.0399306
0.0520833
-0.319444
0.046875
-0.387153
0.145833
-0.289931
0.0451389
-0.310764
-0.387153
0.0503472
0.0434028
0.0520833
0.0347222
0.0486111
0.503472
0.128472
0.0451389
0.128472
0.145833
0.0486111
-0.154514
0.315972
-0.149306
0.0555556
-0.371528
0.0607639
-0.378472
0.0538194
0.03125
0.0590278
0.0208333
0.494792
0.501736
0.0572917
0.0607639
0.522569
0.0677083
0.0555556
0.0590278
0.315972
0.0694444
-0.154514
0.0642361
-0.373264
0.335069
-0.131944
0.0625
-0.145833
-0.373264
0.0677083
0.0416667
0.0694444
0.0607639
0.0659722
0.501736
0.317708
0.0625
0.317708
0.335069
0.0659722
0.0729167
0.0260417
0.0815972
0.0208333
0.0711806
0.0277778
0.0902778
0.0225694
0.015625
0.486111
0.0173611
0.0763889
-0.0434028
0.078125
-0.0520833
0.0746528
0.420139
0.0763889
0.0798611
0.486111
0.539931
0.0815972
0.078125
0.536458
0.0902778
0.0798611
0.0711806
0.496528
-0.0677083
0.397569
-0.0659722
0.0850694
-0.0694444
0.0868056
-0.0798611
0.0833333
0.394097
0.0850694
0.0885417
0.397569
0.541667
0.0902778
0.0868056
0.545139
0.0815972
0.0885417
0.0729167
0.5
0.0954861
0.194444
0.09375
-0.267361
0.0972222
0.236111
0.0920139
-0.229167
0.0920139
0.109375
0.0972222
-0.336806
0.09375
0.388889
0.0954861
-0.0833333
0.100694
-0.331597
0.111111
-0.333333
0.0989583
-0.284722
0.168403
-0.286458
0.104167
-0.329861
0.119792
-0.322917
0.102431
-0.314236
0.131944
-0.315972
-0.265625
0.107639
-0.256944
0.197917
-0.335069
0.105903
-0.286458
0.114583
0.114583
0.0954861
0.112847
-0.335069
0.168403
0.116319
0.0989583
0.112847
0.166667
0.553819
0.109375
0.111111
0.109375
0.197917
0.166667
0.107639
0.559028
0.111111
0.118056
0.553819
0.571181
0.119792
0.116319
0.376736
0.131944
0.118056
0.102431
0.123264
0.125
-0.0954861
0.123264
-0.324653
0.130208
0.376736
0.121528
0.119792
0.121528
-0.0659722
0.130208
-0.0746528
0.128472
0.0364583
0.137153
0.0347222
0.126736
0.0520833
0.515625
0.0503472
0.123264
0.402778
0.125
0.131944
0.119792
0.133681
0.104167
0.130208
0.572917
0.131944
0.135417
0.402778
0.581597
0.137153
0.133681
0.578125
0.515625
0.135417
0.126736
0.506944
-0.310764
0.140625
0.0399306
0.145833
0.142361
0.138889
0.510417
0.164931
0.140625
0.144097
0.151042
0.163194
-0.309028
0.142361
-0.302083
0.147569
0.046875
0.164931
0.0520833
0.138889
-0.289931
0.163194
-0.284722
0.144097
-0.293403
0.154514
-0.303819
0.15625
0.510417
0.152778
0.142361
0.590278
0.340278
0.151042
0.154514
0.59375
0.159722
0.149306
0.152778
0.199653
-0.260417
0.199653
-0.255208
0.149306
-0.295139
0.159722
-0.140625
0.161458
0.154514
0.157986
0.340278
0.201389
-0.114583
0.201389
-0.109375
0.157986
0.164931
0.147569
0.173611
0.142361
0.163194
0.145833
0.520833
0.140625
0.112847
0.560764
0.114583
0.168403
0.111111
0.170139
0.100694
0.166667
0.557292
0.168403
0.171875
0.560764
0.604167
0.173611
0.170139
0.600694
0.520833
0.171875
0.163194
0.592014
0.177083
-0.272569
0.184028
-0.274306
0.175347
-0.246528
0.217014
-0.248264
0.180556
-0.270833
0.192708
-0.263889
0.178819
-0.255208
0.204861
-0.256944
0.1875
-0.241319
0.185764
-0.276042
0.217014
0.189236
0.175347
0.185764
0.215278
0.223958
0.182292
0.184028
0.182292
-0.211806
0.215278
-0.220486
0.611111
0.184028
0.190972
0.223958
0.616319
0.192708
0.189236
0.550347
0.204861
0.190972
0.178819
0.196181
0.197917
0.0920139
0.196181
-0.265625
0.203125
0.550347
0.194444
0.192708
0.194444
0.114583
0.203125
0.105903
0.201389
0.15625
0.210069
0.154514
0.199653
0.161458
0.366319
0.159722
0.196181
0.565972
0.197917
0.204861
0.192708
0.206597
0.180556
0.203125
0.618056
0.204861
0.208333
0.565972
0.626736
0.210069
0.206597
0.623264
0.366319
0.208333
0.199653
0.595486
0.213542
-0.125
0.222222
-0.118056
0.211806
-0.109375
0.361111
-0.111111
0.185764
0.253472
0.1875
0.217014
0.184028
0.21875
0.177083
0.215278
0.609375
0.217014
0.220486
0.253472
0.635417
0.222222
0.21875
0.631944
0.361111
0.220486
0.211806
0.355903
0.614583
0.185764
0.225694
0.189236
0.640625
0.227431
0.223958
0.552083
0.465278
0.225694
0.229167
0.237847
0.230903
-0.239583
0.227431
-0.232639
0.229167
-0.00520833
0.465278
-0.00694444
0.251736
-0.213542
0.234375
-0.210069
0.446181
-0.0104167
0.232639
-0.0243056
0.243056
0.09375
0.237847
-0.230903
0.463542
0.552083
0.236111
0.227431
-0.230903
0.241319
-0.00694444
0.243056
-0.0850694
0.239583
-0.015625
0.392361
0.236111
0.392361
0.463542
0.239583
-0.100694
0.246528
0.371528
0.25
-0.210069
0.244792
0.258681
0.251736
0.25
-0.104167
0.256944
-0.100694
0.248264
0.251736
0.65625
0.244792
0.232639
0.25
0.446181
0.246528
0.612847
0.215278
0.255208
0.21875
0.663194
0.256944
0.253472
0.633681
0.65625
0.255208
0.248264
0.369792
-0.208333
0.260417
0.246528
0.262153
-0.192708
0.258681
0.276042
0.265625
-0.0260417
0.265625
0.442708
0.258681
0.265625
-0.196181
0.270833
-0.192708
0.263889
0.262153
0.670139
0.260417
0.413194
-0.0503472
0.269097
-0.046875
0.677083
0.270833
0.267361
0.416667
0.670139
0.269097
0.263889
0.274306
0.279514
0.00347222
0.274306
-0.190972
0.668403
0.416667
0.272569
0.270833
-0.190972
0.277778
0.260417
0.279514
0.00520833
0.276042
0.373264
0.479167
0.272569
0.479167
0.668403
0.276042
0.284722
0.354167
0.282986
-0.121528
0.286458
0.368056
0.28125
-0.0972222
0.28125
0.298611
0.286458
-0.171875
0.282986
0.480903
0.284722
0.00868056
0.289931
-0.166667
0.300347
-0.168403
0.288194
-0.126736
0.347222
-0.128472
0.293403
-0.164931
0.309028
-0.157986
0.291667
-0.149306
0.321181
-0.151042
-0.119792
0.296875
-0.111111
0.357639
-0.170139
0.295139
-0.128472
0.303819
0.303819
0.284722
0.302083
-0.170139
0.347222
0.305556
0.288194
0.302083
0.345486
0.694444
0.298611
0.300347
0.298611
0.357639
0.345486
0.296875
0.699653
0.300347
0.307292
0.694444
0.711806
0.309028
0.305556
0.472222
0.321181
0.307292
0.291667
0.3125
0.314236
-0.00347222
0.3125
-0.159722
0.319444
0.472222
0.310764
0.309028
0.310764
0.0173611
0.319444
0.0104167
0.317708
0.0538194
0.326389
0.0607639
0.315972
0.0694444
0.529514
0.0677083
0.3125
0.489583
0.314236
0.321181
0.309028
0.322917
0.293403
0.319444
0.713542
0.321181
0.324653
0.489583
0.722222
0.326389
0.322917
0.71875
0.529514
0.324653
0.315972
0.524306
-0.145833
0.329861
0.0381944
0.335069
0.331597
0.328125
0.512153
0.34375
0.329861
0.333333
0.338542
0.342014
-0.144097
0.331597
-0.138889
0.336806
0.0642361
0.34375
0.0694444
0.328125
-0.131944
0.342014
-0.126736
0.333333
0.512153
0.340278
0.331597
0.730903
0.152778
0.338542
0.159722
0.597222
0.34375
0.336806
0.352431
0.331597
0.342014
0.335069
0.534722
0.329861
0.302083
0.701389
0.303819
0.347222
0.300347
0.348958
0.289931
0.345486
0.697917
0.347222
0.350694
0.701389
0.737847
0.352431
0.348958
0.734375
0.534722
0.350694
0.342014
0.732639
0.357639
0.28125
0.355903
-0.119792
0.359375
0.631944
0.354167
0.222222
0.354167
0.303819
0.359375
0.295139
0.355903
0.706597
0.357639
0.361111
0.222222
0.362847
0.213542
0.359375
0.637153
0.361111
0.364583
0.706597
0.628472
0.366319
0.362847
0.744792
0.210069
0.364583
0.201389
0.598958
0.375
0.282986
0.369792
-0.0989583
0.654514
0.633681
0.368056
0.256944
-0.0989583
0.373264
0.244792
0.375
0.00694444
0.371528
0.277778
0.484375
0.368056
0.484375
0.654514
0.371528
0.574653
0.123264
0.378472
0.118056
0.758681
0.380208
0.376736
0.555556
0.453125
0.378472
0.381944
0.390625
0.383681
-0.09375
0.380208
-0.0868056
0.381944
-0.0138889
0.453125
-0.015625
0.401042
-0.0677083
0.387153
-0.0642361
0.430556
-0.0190972
0.385417
-0.0399306
0.392361
0.0972222
0.390625
-0.0850694
0.451389
0.555556
0.388889
0.380208
0.388889
0.243056
0.451389
0.241319
0.0868056
0.395833
0.541667
0.399306
-0.0642361
0.394097
0.407986
0.401042
0.399306
0.0833333
0.40625
0.0868056
0.397569
0.401042
0.767361
0.394097
0.385417
0.399306
0.430556
0.395833
0.576389
0.130208
0.404514
0.133681
0.774306
0.40625
0.402778
0.579861
0.767361
0.404514
0.397569
0.546875
-0.0625
0.409722
0.395833
0.411458
-0.046875
0.407986
0.418403
0.413194
-0.0416667
0.413194
0.423611
0.407986
0.267361
0.411458
0.677083
0.409722
0.421875
0.015625
0.416667
-0.0451389
0.680556
0.274306
0.414931
0.269097
-0.0451389
0.420139
0.409722
0.421875
0.078125
0.418403
0.539931
0.487847
0.414931
0.487847
0.680556
0.418403
-0.0399306
0.425347
0.411458
0.430556
0.427083
0.423611
0.78125
0.449653
0.425347
0.428819
0.435764
0.447917
-0.0381944
0.427083
-0.03125
0.432292
0.387153
0.449653
0.401042
0.423611
-0.0190972
0.447917
-0.0138889
0.428819
-0.0225694
0.439236
-0.0329861
0.440972
0.78125
0.4375
0.427083
0.795139
0.675347
0.435764
0.439236
0.798611
0.444444
0.434028
0.4375
0.460069
-0.0104167
0.460069
-0.00520833
0.434028
-0.0243056
0.444444
0.262153
0.446181
0.439236
0.442708
0.675347
0.461806
0.234375
0.461806
0.251736
0.442708
0.449653
0.432292
0.458333
0.427083
0.447917
0.430556
0.769097
0.425347
0.390625
0.649306
0.392361
0.453125
0.380208
0.454861
0.383681
0.451389
0.760417
0.453125
0.456597
0.649306
0.809028
0.458333
0.454861
0.805556
0.769097
0.456597
0.447917
0.796875
0.461806
0.440972
0.470486
0.439236
0.460069
0.446181
0.657986
0.444444
0.237847
0.645833
0.243056
0.465278
0.227431
0.467014
0.230903
0.463542
0.642361
0.465278
0.46875
0.645833
0.817708
0.470486
0.467014
0.814236
0.657986
0.46875
0.460069
0.800347
0.715278
0.3125
0.473958
0.307292
0.822917
0.475694
0.472222
0.696181
0.6875
0.473958
0.477431
0.482639
0.479167
-0.00173611
0.475694
0.00520833
0.477431
0.279514
0.6875
0.277778
0.484375
0.286458
0.482639
0.00694444
0.685764
0.696181
0.480903
0.475694
0.480903
0.375
0.685764
0.373264
0.487847
0.0746528
0.493056
0.078125
0.486111
0.421875
0.784722
0.420139
0.717014
0.319444
0.491319
0.322917
0.829861
0.493056
0.489583
0.720486
0.784722
0.491319
0.486111
0.538194
0.498264
0.522569
0.496528
0.0572917
0.5
0.536458
0.494792
0.0815972
0.494792
0.505208
0.5
0.03125
0.496528
0.545139
0.498264
0.0902778
0.0590278
0.503472
0.0677083
0.526042
0.0329861
0.501736
0.0503472
0.508681
0.508681
0.498264
0.506944
0.0329861
0.513889
0.578125
0.505208
0.137153
0.505208
0.526042
0.513889
0.503472
0.151042
0.512153
0.140625
0.586806
0.338542
0.510417
0.329861
0.727431
0.506944
0.835069
0.508681
0.515625
0.137153
0.517361
0.128472
0.513889
0.583333
0.515625
0.519097
0.835069
0.605903
0.520833
0.517361
0.84375
0.173611
0.519097
0.164931
0.588542
0.526042
0.494792
0.524306
0.0590278
0.527778
0.71875
0.522569
0.326389
0.522569
0.508681
0.527778
0.501736
0.524306
0.838542
0.526042
0.529514
0.326389
0.53125
0.317708
0.527778
0.723958
0.529514
0.532986
0.838542
0.739583
0.534722
0.53125
0.850694
0.352431
0.532986
0.34375
0.729167
0.543403
0.496528
0.538194
0.0798611
0.782986
0.720486
0.536458
0.493056
0.0798611
0.541667
0.420139
0.543403
0.0885417
0.539931
0.394097
0.548611
0.536458
0.548611
0.782986
0.539931
0.548611
0.5
0.546875
0.0885417
0.765625
0.579861
0.545139
0.40625
0.545139
0.543403
0.765625
0.541667
0.619792
0.196181
0.552083
0.190972
0.644097
0.237847
0.550347
0.225694
0.564236
0.112847
0.555556
0.116319
0.762153
0.390625
0.553819
0.378472
0.170139
0.559028
0.604167
0.5625
0.116319
0.557292
0.571181
0.564236
0.5625
0.166667
0.569444
0.170139
0.560764
0.564236
0.868056
0.557292
0.553819
0.5625
0.762153
0.559028
0.621528
0.203125
0.567708
0.206597
0.875
0.569444
0.565972
0.625
0.868056
0.567708
0.560764
0.602431
0.118056
0.572917
0.559028
0.574653
0.133681
0.571181
0.581597
0.576389
0.376736
0.576389
0.758681
0.571181
0.402778
0.574653
0.774306
0.572917
0.585069
0.506944
0.579861
0.135417
0.777778
0.546875
0.578125
0.404514
0.135417
0.583333
0.572917
0.585069
0.517361
0.581597
0.605903
0.836806
0.578125
0.836806
0.777778
0.581597
0.590278
0.727431
0.588542
0.510417
0.592014
0.84375
0.586806
0.520833
0.586806
0.59375
0.592014
0.151042
0.588542
0.600694
0.590278
0.173611
0.597222
0.590278
0.595486
0.152778
0.598958
0.623264
0.59375
0.210069
0.59375
0.730903
0.598958
0.340278
0.595486
0.744792
0.597222
0.366319
0.607639
0.592014
0.602431
0.171875
0.866319
0.625
0.600694
0.569444
0.171875
0.605903
0.557292
0.607639
0.519097
0.604167
0.583333
0.847222
0.600694
0.847222
0.866319
0.604167
0.21875
0.611111
0.635417
0.612847
0.189236
0.609375
0.616319
0.614583
0.253472
0.614583
0.663194
0.609375
0.223958
0.612847
0.640625
0.611111
0.190972
0.618056
0.611111
0.619792
0.206597
0.616319
0.626736
0.621528
0.550347
0.621528
0.644097
0.616319
0.565972
0.619792
0.875
0.618056
0.630208
0.595486
0.625
0.208333
0.878472
0.602431
0.623264
0.567708
0.208333
0.628472
0.618056
0.630208
0.364583
0.626736
0.637153
0.748264
0.623264
0.748264
0.878472
0.626736
0.638889
0.355903
0.633681
0.220486
0.666667
0.369792
0.631944
0.255208
0.220486
0.637153
0.609375
0.638889
0.362847
0.635417
0.628472
0.743056
0.631944
0.743056
0.666667
0.635417
0.225694
0.642361
0.614583
0.644097
0.467014
0.640625
0.817708
0.647569
0.552083
0.647569
0.619792
0.640625
0.647569
0.463542
0.652778
0.467014
0.645833
0.644097
0.899306
0.642361
0.763889
0.451389
0.651042
0.454861
0.869792
0.652778
0.649306
0.807292
0.899306
0.651042
0.645833
0.815972
0.369792
0.75
0.375
0.65625
0.256944
0.661458
0.25
0.654514
0.470486
0.659722
0.461806
0.803819
0.819444
0.657986
0.661458
0.918403
0.664931
0.65625
0.659722
0.75
0.255208
0.664931
0.612847
0.666667
0.661458
0.663194
0.819444
0.751736
0.633681
0.751736
0.638889
0.663194
0.274306
0.682292
0.279514
0.670139
0.270833
0.671875
0.265625
0.668403
0.678819
0.670139
0.673611
0.682292
0.779514
0.675347
0.671875
0.925347
0.4375
0.673611
0.444444
0.802083
0.269097
0.678819
0.413194
0.680556
0.671875
0.677083
0.779514
0.684028
0.416667
0.684028
0.421875
0.677083
0.684028
0.668403
0.692708
0.671875
0.682292
0.680556
0.789931
0.678819
0.482639
0.753472
0.484375
0.6875
0.475694
0.689236
0.479167
0.685764
0.824653
0.6875
0.690972
0.753472
0.935764
0.692708
0.689236
0.932292
0.789931
0.690972
0.682292
0.927083
0.704861
0.302083
0.696181
0.305556
0.826389
0.482639
0.694444
0.473958
0.348958
0.699653
0.737847
0.703125
0.305556
0.697917
0.711806
0.704861
0.703125
0.345486
0.710069
0.348958
0.701389
0.704861
0.942708
0.697917
0.694444
0.703125
0.826389
0.699653
0.743056
0.359375
0.708333
0.362847
0.901042
0.710069
0.706597
0.746528
0.942708
0.708333
0.701389
0.736111
0.307292
0.713542
0.699653
0.715278
0.322917
0.711806
0.722222
0.717014
0.472222
0.717014
0.822917
0.711806
0.489583
0.715278
0.829861
0.713542
0.725694
0.524306
0.720486
0.324653
0.833333
0.538194
0.71875
0.491319
0.324653
0.723958
0.713542
0.725694
0.53125
0.722222
0.739583
0.848958
0.71875
0.848958
0.833333
0.722222
0.730903
0.586806
0.729167
0.512153
0.732639
0.850694
0.727431
0.534722
0.727431
0.597222
0.732639
0.338542
0.729167
0.734375
0.730903
0.352431
0.741319
0.732639
0.736111
0.350694
0.940972
0.746528
0.734375
0.710069
0.350694
0.739583
0.697917
0.741319
0.532986
0.737847
0.723958
0.854167
0.734375
0.854167
0.940972
0.737847
0.706597
0.638889
0.901042
0.637153
0.748264
0.598958
0.746528
0.364583
0.902778
0.736111
0.744792
0.708333
0.744792
0.630208
0.902778
0.628472
0.751736
0.654514
0.756944
0.661458
0.75
0.666667
0.913194
0.664931
0.828125
0.685764
0.755208
0.689236
0.944444
0.756944
0.753472
0.934028
0.913194
0.755208
0.75
0.920139
0.378472
0.760417
0.574653
0.762153
0.454861
0.758681
0.809028
0.763889
0.555556
0.763889
0.564236
0.758681
0.649306
0.762153
0.869792
0.760417
0.546875
0.859375
0.548611
0.767361
0.40625
0.772569
0.399306
0.765625
0.458333
0.770833
0.449653
0.793403
0.810764
0.769097
0.772569
0.967014
0.776042
0.767361
0.770833
0.859375
0.404514
0.776042
0.576389
0.777778
0.772569
0.774306
0.810764
0.864583
0.579861
0.864583
0.585069
0.774306
0.673611
0.78125
0.678819
0.928819
0.435764
0.779514
0.425347
0.791667
0.538194
0.855903
0.543403
0.784722
0.493056
0.786458
0.487847
0.782986
0.831597
0.784722
0.788194
0.855903
0.9375
0.789931
0.786458
0.973958
0.692708
0.788194
0.684028
0.930556
0.795139
0.928819
0.793403
0.78125
0.796875
0.967014
0.791667
0.769097
0.791667
0.798611
0.796875
0.435764
0.793403
0.805556
0.795139
0.458333
0.802083
0.795139
0.800347
0.4375
0.803819
0.814236
0.798611
0.470486
0.798611
0.925347
0.803819
0.675347
0.800347
0.918403
0.802083
0.657986
0.8125
0.796875
0.807292
0.456597
0.916667
0.815972
0.805556
0.651042
0.456597
0.810764
0.760417
0.8125
0.770833
0.809028
0.776042
0.970486
0.805556
0.970486
0.916667
0.809028
0.821181
0.800347
0.815972
0.46875
0.914931
0.807292
0.814236
0.652778
0.46875
0.819444
0.642361
0.821181
0.659722
0.817708
0.664931
0.921875
0.814236
0.921875
0.914931
0.817708
0.473958
0.824653
0.715278
0.826389
0.689236
0.822917
0.935764
0.828125
0.696181
0.828125
0.704861
0.822917
0.753472
0.826389
0.944444
0.824653
0.491319
0.831597
0.717014
0.833333
0.786458
0.829861
0.9375
0.857639
0.720486
0.857639
0.725694
0.829861
0.836806
0.513889
0.842014
0.517361
0.835069
0.585069
0.881944
0.583333
0.848958
0.527778
0.840278
0.53125
0.951389
0.842014
0.838542
0.852431
0.881944
0.840278
0.835069
0.845486
0.847222
0.588542
0.845486
0.519097
0.880208
0.852431
0.84375
0.842014
0.84375
0.607639
0.880208
0.605903
0.838542
0.725694
0.951389
0.723958
0.854167
0.729167
0.852431
0.532986
0.949653
0.845486
0.850694
0.840278
0.850694
0.741319
0.949653
0.739583
0.857639
0.782986
0.862847
0.786458
0.855903
0.833333
0.956597
0.831597
0.864583
0.765625
0.861111
0.772569
0.887153
0.862847
0.859375
0.96875
0.956597
0.861111
0.855903
0.975694
0.859375
0.777778
0.887153
0.776042
0.602431
0.888889
0.607639
0.868056
0.569444
0.873264
0.5625
0.866319
0.651042
0.871528
0.763889
0.916667
0.897569
0.869792
0.873264
0.979167
0.876736
0.868056
0.871528
0.888889
0.567708
0.876736
0.621528
0.878472
0.873264
0.875
0.897569
0.890625
0.625
0.890625
0.630208
0.875
0.845486
0.892361
0.847222
0.881944
0.842014
0.883681
0.836806
0.880208
0.953125
0.881944
0.885417
0.892361
0.954861
0.887153
0.883681
0.982639
0.861111
0.885417
0.864583
0.972222
0.890625
0.866319
0.895833
0.873264
0.888889
0.878472
0.907986
0.876736
0.960069
0.880208
0.894097
0.883681
0.961806
0.895833
0.892361
0.984375
0.907986
0.894097
0.888889
0.986111
0.871528
0.899306
0.876736
0.980903
0.652778
0.897569
0.647569
0.914931
0.708333
0.909722
0.743056
0.902778
0.746528
0.904514
0.748264
0.901042
0.958333
0.902778
0.90625
0.909722
0.963542
0.907986
0.904514
0.989583
0.895833
0.90625
0.890625
0.991319
0.947917
0.901042
0.911458
0.904514
0.946181
0.913194
0.909722
0.987847
0.756944
0.911458
0.751736
0.923611
0.815972
0.980903
0.821181
0.899306
0.807292
0.979167
0.8125
0.869792
0.921875
0.803819
0.920139
0.659722
0.923611
0.934028
0.918403
0.756944
0.918403
0.821181
0.923611
0.819444
0.920139
0.987847
0.921875
0.913194
0.928819
0.802083
0.927083
0.673611
0.930556
0.932292
0.925347
0.692708
0.925347
0.791667
0.930556
0.779514
0.927083
0.973958
0.928819
0.789931
0.939236
0.927083
0.934028
0.690972
0.965278
0.920139
0.932292
0.755208
0.690972
0.9375
0.824653
0.939236
0.788194
0.935764
0.831597
0.977431
0.932292
0.977431
0.965278
0.935764
0.736111
0.958333
0.741319
0.942708
0.710069
0.947917
0.703125
0.940972
0.755208
0.946181
0.828125
0.965278
0.911458
0.944444
0.947917
1
0.909722
0.942708
0.946181
0.958333
0.852431
0.960069
0.854167
0.951389
0.840278
0.953125
0.848958
0.949653
0.883681
0.951389
0.954861
0.960069
0.885417
0.956597
0.953125
0.994792
0.862847
0.954861
0.857639
0.993056
0.904514
0.940972
0.963542
0.947917
0.892361
0.949653
0.961806
0.953125
0.894097
0.963542
0.960069
0.996528
0.90625
0.961806
0.958333
0.998264
0.934028
1
0.939236
0.944444
0.970486
0.793403
0.96875
0.770833
0.972222
0.975694
0.967014
0.861111
0.967014
0.8125
0.972222
0.810764
0.96875
0.982639
0.970486
0.887153
0.977431
0.930556
0.975694
0.788194
0.993056
0.96875
0.973958
0.862847
0.973958
0.939236
0.993056
0.9375
0.980903
0.916667
0.986111
0.871528
0.979167
0.914931
0.991319
0.897569
0.994792
0.972222
0.984375
0.885417
0.996528
0.986111
0.982639
0.894097
0.991319
0.984375
0.979167
0.895833
1
0.923611
0.989583
0.911458
0.998264
0.991319
0.987847
0.90625
0.986111
0.989583
0.980903
0.907986
0.975694
0.994792
0.977431
0.956597
0.982639
0.993056
0.996528
0.954861
0.984375
0.998264
0.994792
0.961806
0.989583
0.996528
1
0.963542
0.987847
0.965278
0.998264
0.946181
0.987847
0.965278
0.998264
0.946181
0
0.946181
0.998264
0.965278
0.987847
0.946181
0.998264
0.965278
0.987847
0.963542
1
0.996528
0.989583
0.961806
0.994792
0.998264
0.984375
0.954861
0.996528
0.993056
0.982639
0.956597
0.977431
0.994792
0.975694
0.907986
0.980903
0.989583
0.986111
0.90625
0.987847
0.991319
0.998264
0.911458
0.989583
0.923611
1
0.895833
0.979167
0.984375
0.991319
0.894097
0.982639
0.986111
0.996528
0.885417
0.984375
0.972222
0.994792
0.897569
0.991319
0.914931
0.979167
0.871528
0.986111
0.916667
0.980903
0.9375
0.993056
0.939236
0.973958
0.862847
0.973958
0.96875
0.993056
0.788194
0.975694
0.930556
0.977431
0.887153
0.970486
0.982639
0.96875
0.810764
0.972222
0.8125
0.967014
0.861111
0.967014
0.975694
0.972222
0.770833
0.96875
0.793403
0.970486
0.944444
0.939236
1
0.934028
0.998264
0.958333
0.961806
0.90625
0.996528
0.960069
0.963542
0.894097
0.953125
0.961806
0.949653
0.892361
0.947917
0.963542
0.940972
0.904514
0.993056
0.857639
0.954861
0.862847
0.994792
0.953125
0.956597
0.885417
0.960069
0.954861
0.951389
0.883681
0.949653
0.848958
0.953125
0.840278
0.951389
0.854167
0.960069
0.852431
0.958333
0.946181
0.942708
0.909722
1
0.947917
0.944444
0.911458
0.965278
0.828125
0.946181
0.755208
0.940972
0.703125
0.947917
0.710069
0.942708
0.741319
0.958333
0.736111
0.935764
0.965278
0.977431
0.932292
0.977431
0.831597
0.935764
0.788194
0.939236
0.824653
0.9375
0.690972
0.755208
0.932292
0.920139
0.965278
0.690972
0.934028
0.927083
0.939236
0.789931
0.928819
0.973958
0.927083
0.779514
0.930556
0.791667
0.925347
0.692708
0.925347
0.932292
0.930556
0.673611
0.927083
0.802083
0.928819
0.913194
0.921875
0.987847
0.920139
0.819444
0.923611
0.821181
0.918403
0.756944
0.918403
0.934028
0.923611
0.659722
0.920139
0.803819
0.921875
0.869792
0.8125
0.979167
0.807292
0.899306
0.821181
0.980903
0.815972
0.923611
0.751736
0.911458
0.756944
0.987847
0.909722
0.913194
0.946181
0.904514
0.911458
0.901042
0.947917
0.991319
0.890625
0.90625
0.895833
0.989583
0.904514
0.907986
0.963542
0.909722
0.90625
0.902778
0.958333
0.901042
0.748264
0.904514
0.746528
0.902778
0.743056
0.909722
0.708333
0.914931
0.647569
0.897569
0.652778
0.980903
0.876736
0.899306
0.871528
0.986111
0.888889
0.894097
0.907986
0.984375
0.892361
0.895833
0.961806
0.883681
0.894097
0.880208
0.960069
0.876736
0.907986
0.878472
0.888889
0.873264
0.895833
0.866319
0.890625
0.972222
0.864583
0.885417
0.861111
0.982639
0.883681
0.887153
0.954861
0.892361
0.885417
0.881944
0.953125
0.880208
0.836806
0.883681
0.842014
0.881944
0.847222
0.892361
0.845486
0.875
0.630208
0.890625
0.625
0.890625
0.897569
0.875
0.873264
0.878472
0.621528
0.876736
0.567708
0.888889
0.871528
0.868056
0.876736
0.979167
0.873264
0.869792
0.897569
0.916667
0.763889
0.871528
0.651042
0.866319
0.5625
0.873264
0.569444
0.868056
0.607639
0.888889
0.602431
0.776042
0.887153
0.777778
0.859375
0.975694
0.855903
0.861111
0.956597
0.96875
0.859375
0.862847
0.887153
0.772569
0.861111
0.765625
0.864583
0.831597
0.956597
0.833333
0.855903
0.786458
0.862847
0.782986
0.857639
0.739583
0.949653
0.741319
0.850694
0.840278
0.850694
0.845486
0.949653
0.532986
0.852431
0.729167
0.854167
0.723958
0.951389
0.725694
0.838542
0.605903
0.880208
0.607639
0.84375
0.842014
0.84375
0.852431
0.880208
0.519097
0.845486
0.588542
0.847222
0.845486
0.835069
0.840278
0.881944
0.852431
0.838542
0.842014
0.951389
0.53125
0.840278
0.527778
0.848958
0.583333
0.881944
0.585069
0.835069
0.517361
0.842014
0.513889
0.836806
0.829861
0.725694
0.857639
0.720486
0.857639
0.9375
0.829861
0.786458
0.833333
0.717014
0.831597
0.491319
0.824653
0.944444
0.826389
0.753472
0.822917
0.704861
0.828125
0.696181
0.828125
0.935764
0.822917
0.689236
0.826389
0.715278
0.824653
0.473958
0.817708
0.914931
0.921875
0.814236
0.921875
0.664931
0.817708
0.659722
0.821181
0.642361
0.819444
0.46875
0.652778
0.814236
0.807292
0.914931
0.46875
0.815972
0.800347
0.821181
0.809028
0.916667
0.970486
0.805556
0.970486
0.776042
0.809028
0.770833
0.8125
0.760417
0.810764
0.456597
0.651042
0.805556
0.815972
0.916667
0.456597
0.807292
0.796875
0.8125
0.657986
0.802083
0.918403
0.800347
0.675347
0.803819
0.925347
0.798611
0.470486
0.798611
0.814236
0.803819
0.4375
0.800347
0.795139
0.802083
0.458333
0.795139
0.805556
0.793403
0.435764
0.796875
0.798611
0.791667
0.769097
0.791667
0.967014
0.796875
0.78125
0.793403
0.928819
0.795139
0.930556
0.684028
0.788194
0.692708
0.973958
0.786458
0.789931
0.9375
0.855903
0.788194
0.784722
0.831597
0.782986
0.487847
0.786458
0.493056
0.784722
0.543403
0.855903
0.538194
0.791667
0.425347
0.779514
0.435764
0.928819
0.678819
0.78125
0.673611
0.774306
0.585069
0.864583
0.579861
0.864583
0.810764
0.774306
0.772569
0.777778
0.576389
0.776042
0.404514
0.859375
0.770833
0.767361
0.776042
0.967014
0.772569
0.769097
0.810764
0.793403
0.449653
0.770833
0.458333
0.765625
0.399306
0.772569
0.40625
0.767361
0.548611
0.859375
0.546875
0.760417
0.869792
0.762153
0.649306
0.758681
0.564236
0.763889
0.555556
0.763889
0.809028
0.758681
0.454861
0.762153
0.574653
0.760417
0.378472
0.920139
0.75
0.755208
0.913194
0.934028
0.753472
0.756944
0.944444
0.689236
0.755208
0.685764
0.828125
0.664931
0.913194
0.666667
0.75
0.661458
0.756944
0.654514
0.751736
0.628472
0.902778
0.630208
0.744792
0.708333
0.744792
0.736111
0.902778
0.364583
0.746528
0.598958
0.748264
0.637153
0.901042
0.638889
0.706597
0.737847
0.940972
0.854167
0.734375
0.854167
0.723958
0.737847
0.532986
0.741319
0.697917
0.739583
0.350694
0.710069
0.734375
0.746528
0.940972
0.350694
0.736111
0.732639
0.741319
0.352431
0.730903
0.734375
0.729167
0.338542
0.732639
0.597222
0.727431
0.534722
0.727431
0.850694
0.732639
0.512153
0.729167
0.586806
0.730903
0.722222
0.833333
0.848958
0.71875
0.848958
0.739583
0.722222
0.53125
0.725694
0.713542
0.723958
0.324653
0.491319
0.71875
0.538194
0.833333
0.324653
0.720486
0.524306
0.725694
0.713542
0.829861
0.715278
0.489583
0.711806
0.822917
0.717014
0.472222
0.717014
0.722222
0.711806
0.322917
0.715278
0.699653
0.713542
0.307292
0.736111
0.701389
0.708333
0.942708
0.746528
0.706597
0.710069
0.901042
0.362847
0.708333
0.359375
0.743056
0.699653
0.826389
0.703125
0.694444
0.697917
0.942708
0.704861
0.701389
0.348958
0.710069
0.345486
0.703125
0.704861
0.711806
0.697917
0.305556
0.703125
0.737847
0.699653
0.348958
0.473958
0.694444
0.482639
0.826389
0.305556
0.696181
0.302083
0.704861
0.927083
0.682292
0.690972
0.789931
0.932292
0.689236
0.692708
0.935764
0.753472
0.690972
0.6875
0.824653
0.685764
0.479167
0.689236
0.475694
0.6875
0.484375
0.753472
0.482639
0.678819
0.789931
0.680556
0.682292
0.671875
0.692708
0.668403
0.684028
0.677083
0.421875
0.684028
0.416667
0.684028
0.779514
0.677083
0.671875
0.680556
0.413194
0.678819
0.269097
0.802083
0.444444
0.673611
0.4375
0.925347
0.671875
0.675347
0.779514
0.682292
0.673611
0.670139
0.678819
0.668403
0.265625
0.671875
0.270833
0.670139
0.279514
0.682292
0.274306
0.663194
0.638889
0.751736
0.633681
0.751736
0.819444
0.663194
0.661458
0.666667
0.612847
0.664931
0.255208
0.75
0.659722
0.65625
0.664931
0.918403
0.661458
0.657986
0.819444
0.803819
0.461806
0.659722
0.470486
0.654514
0.25
0.661458
0.256944
0.65625
0.375
0.75
0.369792
0.815972
0.645833
0.651042
0.899306
0.807292
0.649306
0.652778
0.869792
0.454861
0.651042
0.451389
0.763889
0.642361
0.899306
0.644097
0.645833
0.467014
0.652778
0.463542
0.647569
0.640625
0.619792
0.647569
0.552083
0.647569
0.817708
0.640625
0.467014
0.644097
0.614583
0.642361
0.225694
0.635417
0.666667
0.743056
0.631944
0.743056
0.628472
0.635417
0.362847
0.638889
0.609375
0.637153
0.220486
0.255208
0.631944
0.369792
0.666667
0.220486
0.633681
0.355903
0.638889
0.626736
0.878472
0.748264
0.623264
0.748264
0.637153
0.626736
0.364583
0.630208
0.618056
0.628472
0.208333
0.567708
0.623264
0.602431
0.878472
0.208333
0.625
0.595486
0.630208
0.618056
0.875
0.619792
0.565972
0.616319
0.644097
0.621528
0.550347
0.621528
0.626736
0.616319
0.206597
0.619792
0.611111
0.618056
0.190972
0.611111
0.640625
0.612847
0.223958
0.609375
0.663194
0.614583
0.253472
0.614583
0.616319
0.609375
0.189236
0.612847
0.635417
0.611111
0.21875
0.604167
0.866319
0.847222
0.600694
0.847222
0.583333
0.604167
0.519097
0.607639
0.557292
0.605903
0.171875
0.569444
0.600694
0.625
0.866319
0.171875
0.602431
0.592014
0.607639
0.366319
0.597222
0.744792
0.595486
0.340278
0.598958
0.730903
0.59375
0.210069
0.59375
0.623264
0.598958
0.152778
0.595486
0.590278
0.597222
0.173611
0.590278
0.600694
0.588542
0.151042
0.592014
0.59375
0.586806
0.520833
0.586806
0.84375
0.592014
0.510417
0.588542
0.727431
0.590278
0.581597
0.777778
0.836806
0.578125
0.836806
0.605903
0.581597
0.517361
0.585069
0.572917
0.583333
0.135417
0.404514
0.578125
0.546875
0.777778
0.135417
0.579861
0.506944
0.585069
0.572917
0.774306
0.574653
0.402778
0.571181
0.758681
0.576389
0.376736
0.576389
0.581597
0.571181
0.133681
0.574653
0.559028
0.572917
0.118056
0.602431
0.560764
0.567708
0.868056
0.625
0.565972
0.569444
0.875
0.206597
0.567708
0.203125
0.621528
0.559028
0.762153
0.5625
0.553819
0.557292
0.868056
0.564236
0.560764
0.170139
0.569444
0.166667
0.5625
0.564236
0.571181
0.557292
0.116319
0.5625
0.604167
0.559028
0.170139
0.378472
0.553819
0.390625
0.762153
0.116319
0.555556
0.112847
0.564236
0.225694
0.550347
0.237847
0.644097
0.190972
0.552083
0.196181
0.619792
0.541667
0.765625
0.543403
0.545139
0.40625
0.545139
0.579861
0.765625
0.0885417
0.546875
0.5
0.548611
0.539931
0.782986
0.548611
0.536458
0.548611
0.394097
0.539931
0.0885417
0.543403
0.420139
0.541667
0.0798611
0.493056
0.536458
0.720486
0.782986
0.0798611
0.538194
0.496528
0.543403
0.729167
0.34375
0.532986
0.352431
0.850694
0.53125
0.534722
0.739583
0.838542
0.532986
0.529514
0.723958
0.527778
0.317708
0.53125
0.326389
0.529514
0.526042
0.838542
0.524306
0.501736
0.527778
0.508681
0.522569
0.326389
0.522569
0.71875
0.527778
0.0590278
0.524306
0.494792
0.526042
0.588542
0.164931
0.519097
0.173611
0.84375
0.517361
0.520833
0.605903
0.835069
0.519097
0.515625
0.583333
0.513889
0.128472
0.517361
0.137153
0.515625
0.508681
0.835069
0.506944
0.727431
0.329861
0.510417
0.338542
0.586806
0.140625
0.512153
0.151042
0.503472
0.513889
0.526042
0.505208
0.137153
0.505208
0.578125
0.513889
0.0329861
0.506944
0.498264
0.508681
0.508681
0.0503472
0.501736
0.0329861
0.526042
0.0677083
0.503472
0.0590278
0.0902778
0.498264
0.545139
0.496528
0.03125
0.5
0.505208
0.494792
0.0815972
0.494792
0.536458
0.5
0.0572917
0.496528
0.522569
0.498264
0.538194
0.486111
0.491319
0.784722
0.720486
0.489583
0.493056
0.829861
0.322917
0.491319
0.319444
0.717014
0.420139
0.784722
0.421875
0.486111
0.078125
0.493056
0.0746528
0.487847
0.373264
0.685764
0.375
0.480903
0.475694
0.480903
0.696181
0.685764
0.00694444
0.482639
0.286458
0.484375
0.277778
0.6875
0.279514
0.477431
0.00520833
0.475694
-0.00173611
0.479167
0.482639
0.477431
0.473958
0.6875
0.696181
0.472222
0.475694
0.822917
0.307292
0.473958
0.3125
0.715278
0.800347
0.460069
0.46875
0.657986
0.814236
0.467014
0.470486
0.817708
0.645833
0.46875
0.465278
0.642361
0.463542
0.230903
0.467014
0.227431
0.465278
0.243056
0.645833
0.237847
0.444444
0.657986
0.446181
0.460069
0.439236
0.470486
0.440972
0.461806
0.796875
0.447917
0.456597
0.769097
0.805556
0.454861
0.458333
0.809028
0.649306
0.456597
0.453125
0.760417
0.451389
0.383681
0.454861
0.380208
0.453125
0.392361
0.649306
0.390625
0.425347
0.769097
0.430556
0.447917
0.427083
0.458333
0.432292
0.449653
0.442708
0.251736
0.461806
0.234375
0.461806
0.675347
0.442708
0.439236
0.446181
0.262153
0.444444
-0.0243056
0.434028
-0.00520833
0.460069
-0.0104167
0.460069
0.4375
0.434028
0.444444
0.798611
0.439236
0.435764
0.675347
0.795139
0.427083
0.4375
0.78125
0.440972
-0.0329861
0.439236
-0.0225694
0.428819
-0.0138889
0.447917
-0.0190972
0.423611
0.401042
0.449653
0.387153
0.432292
-0.03125
0.427083
-0.0381944
0.447917
0.435764
0.428819
0.425347
0.449653
0.78125
0.423611
0.427083
0.430556
0.411458
0.425347
-0.0399306
0.418403
0.680556
0.487847
0.414931
0.487847
0.539931
0.418403
0.078125
0.421875
0.409722
0.420139
-0.0451389
0.269097
0.414931
0.274306
0.680556
-0.0451389
0.416667
0.015625
0.421875
0.409722
0.677083
0.411458
0.267361
0.407986
0.423611
0.413194
-0.0416667
0.413194
0.418403
0.407986
-0.046875
0.411458
0.395833
0.409722
-0.0625
0.546875
0.397569
0.404514
0.767361
0.579861
0.402778
0.40625
0.774306
0.133681
0.404514
0.130208
0.576389
0.395833
0.430556
0.399306
0.385417
0.394097
0.767361
0.401042
0.397569
0.0868056
0.40625
0.0833333
0.399306
0.401042
0.407986
0.394097
-0.0642361
0.399306
0.541667
0.395833
0.0868056
0.241319
0.451389
0.243056
0.388889
0.380208
0.388889
0.555556
0.451389
-0.0850694
0.390625
0.0972222
0.392361
-0.0399306
0.385417
-0.0190972
0.430556
-0.0642361
0.387153
-0.0677083
0.401042
-0.015625
0.453125
-0.0138889
0.381944
-0.0868056
0.380208
-0.09375
0.383681
0.390625
0.381944
0.378472
0.453125
0.555556
0.376736
0.380208
0.758681
0.118056
0.378472
0.123264
0.574653
0.371528
0.654514
0.484375
0.368056
0.484375
0.277778
0.371528
0.00694444
0.375
0.244792
0.373264
-0.0989583
0.256944
0.368056
0.633681
0.654514
-0.0989583
0.369792
0.282986
0.375
0.598958
0.201389
0.364583
0.210069
0.744792
0.362847
0.366319
0.628472
0.706597
0.364583
0.361111
0.637153
0.359375
0.213542
0.362847
0.222222
0.361111
0.357639
0.706597
0.355903
0.295139
0.359375
0.303819
0.354167
0.222222
0.354167
0.631944
0.359375
-0.119792
0.355903
0.28125
0.357639
0.732639
0.342014
0.350694
0.534722
0.734375
0.348958
0.352431
0.737847
0.701389
0.350694
0.347222
0.697917
0.345486
0.289931
0.348958
0.300347
0.347222
0.303819
0.701389
0.302083
0.329861
0.534722
0.335069
0.342014
0.331597
0.352431
0.336806
0.34375
0.597222
0.159722
0.338542
0.152778
0.730903
0.331597
0.340278
0.512153
0.333333
-0.126736
0.342014
-0.131944
0.328125
0.0694444
0.34375
0.0642361
0.336806
-0.138889
0.331597
-0.144097
0.342014
0.338542
0.333333
0.329861
0.34375
0.512153
0.328125
0.331597
0.335069
0.0381944
0.329861
-0.145833
0.524306
0.315972
0.324653
0.529514
0.71875
0.322917
0.326389
0.722222
0.489583
0.324653
0.321181
0.713542
0.319444
0.293403
0.322917
0.309028
0.321181
0.314236
0.489583
0.3125
0.0677083
0.529514
0.0694444
0.315972
0.0607639
0.326389
0.0538194
0.317708
0.0104167
0.319444
0.0173611
0.310764
0.309028
0.310764
0.472222
0.319444
-0.159722
0.3125
-0.00347222
0.314236
0.3125
0.291667
0.307292
0.321181
0.472222
0.305556
0.309028
0.711806
0.694444
0.307292
0.300347
0.699653
0.296875
0.345486
0.357639
0.298611
0.300347
0.298611
0.694444
0.345486
0.302083
0.288194
0.305556
0.347222
-0.170139
0.302083
0.284722
0.303819
0.303819
-0.128472
0.295139
-0.170139
0.357639
-0.111111
0.296875
-0.119792
-0.151042
0.321181
-0.149306
0.291667
-0.157986
0.309028
-0.164931
0.293403
-0.128472
0.347222
-0.126736
0.288194
-0.168403
0.300347
-0.166667
0.289931
0.00868056
0.284722
0.480903
0.282986
-0.171875
0.286458
0.298611
0.28125
-0.0972222
0.28125
0.368056
0.286458
-0.121528
0.282986
0.354167
0.284722
0.276042
0.668403
0.479167
0.272569
0.479167
0.373264
0.276042
0.00520833
0.279514
0.260417
0.277778
-0.190972
0.270833
0.272569
0.416667
0.668403
-0.190972
0.274306
0.00347222
0.279514
0.274306
0.263889
0.269097
0.670139
0.416667
0.267361
0.270833
0.677083
-0.046875
0.269097
-0.0503472
0.413194
0.260417
0.670139
0.262153
0.263889
-0.192708
0.270833
-0.196181
0.265625
0.258681
0.442708
0.265625
-0.0260417
0.265625
0.276042
0.258681
-0.192708
0.262153
0.246528
0.260417
-0.208333
0.369792
0.248264
0.255208
0.65625
0.633681
0.253472
0.256944
0.663194
0.21875
0.255208
0.215278
0.612847
0.246528
0.446181
0.25
0.232639
0.244792
0.65625
0.251736
0.248264
-0.100694
0.256944
-0.104167
0.25
0.251736
0.258681
0.244792
-0.210069
0.25
0.371528
0.246528
-0.100694
0.239583
0.463542
0.392361
0.236111
0.392361
-0.015625
0.239583
-0.0850694
0.243056
-0.00694444
0.241319
-0.230903
0.227431
0.236111
0.552083
0.463542
-0.230903
0.237847
0.09375
0.243056
-0.0243056
0.232639
-0.0104167
0.446181
-0.210069
0.234375
-0.213542
0.251736
-0.00694444
0.465278
-0.00520833
0.229167
-0.232639
0.227431
-0.239583
0.230903
0.237847
0.229167
0.225694
0.465278
0.552083
0.223958
0.227431
0.640625
0.189236
0.225694
0.185764
0.614583
0.355903
0.211806
0.220486
0.361111
0.631944
0.21875
0.222222
0.635417
0.253472
0.220486
0.217014
0.609375
0.215278
0.177083
0.21875
0.184028
0.217014
0.1875
0.253472
0.185764
-0.111111
0.361111
-0.109375
0.211806
-0.118056
0.222222
-0.125
0.213542
0.595486
0.199653
0.208333
0.366319
0.623264
0.206597
0.210069
0.626736
0.565972
0.208333
0.204861
0.618056
0.203125
0.180556
0.206597
0.192708
0.204861
0.197917
0.565972
0.196181
0.159722
0.366319
0.161458
0.199653
0.154514
0.210069
0.15625
0.201389
0.105903
0.203125
0.114583
0.194444
0.192708
0.194444
0.550347
0.203125
-0.265625
0.196181
0.0920139
0.197917
0.196181
0.178819
0.190972
0.204861
0.550347
0.189236
0.192708
0.616319
0.223958
0.190972
0.184028
0.611111
-0.220486
0.215278
-0.211806
0.182292
0.184028
0.182292
0.223958
0.215278
0.185764
0.175347
0.189236
0.217014
-0.276042
0.185764
-0.241319
0.1875
-0.256944
0.204861
-0.255208
0.178819
-0.263889
0.192708
-0.270833
0.180556
-0.248264
0.217014
-0.246528
0.175347
-0.274306
0.184028
-0.272569
0.177083
0.592014
0.163194
0.171875
0.520833
0.600694
0.170139
0.173611
0.604167
0.560764
0.171875
0.168403
0.557292
0.166667
0.100694
0.170139
0.111111
0.168403
0.114583
0.560764
0.112847
0.140625
0.520833
0.145833
0.163194
0.142361
0.173611
0.147569
0.164931
0.157986
-0.109375
0.201389
-0.114583
0.201389
0.340278
0.157986
0.154514
0.161458
-0.140625
0.159722
-0.295139
0.149306
-0.255208
0.199653
-0.260417
0.199653
0.152778
0.149306
0.159722
0.59375
0.154514
0.151042
0.340278
0.590278
0.142361
0.152778
0.510417
0.15625
-0.303819
0.154514
-0.293403
0.144097
-0.284722
0.163194
-0.289931
0.138889
0.0520833
0.164931
0.046875
0.147569
-0.302083
0.142361
-0.309028
0.163194
0.151042
0.144097
0.140625
0.164931
0.510417
0.138889
0.142361
0.145833
0.0399306
0.140625
-0.310764
0.506944
0.126736
0.135417
0.515625
0.578125
0.133681
0.137153
0.581597
0.402778
0.135417
0.131944
0.572917
0.130208
0.104167
0.133681
0.119792
0.131944
0.125
0.402778
0.123264
0.0503472
0.515625
0.0520833
0.126736
0.0347222
0.137153
0.0364583
0.128472
-0.0746528
0.130208
-0.0659722
0.121528
0.119792
0.121528
0.376736
0.130208
-0.324653
0.123264
-0.0954861
0.125
0.123264
0.102431
0.118056
0.131944
0.376736
0.116319
0.119792
0.571181
0.553819
0.118056
0.111111
0.559028
0.107639
0.166667
0.197917
0.109375
0.111111
0.109375
0.553819
0.166667
0.112847
0.0989583
0.116319
0.168403
-0.335069
0.112847
0.0954861
0.114583
0.114583
-0.286458
0.105903
-0.335069
0.197917
-0.256944
0.107639
-0.265625
-0.315972
0.131944
-0.314236
0.102431
-0.322917
0.119792
-0.329861
0.104167
-0.286458
0.168403
-0.284722
0.0989583
-0.333333
0.111111
-0.331597
0.100694
-0.0833333
0.0954861
0.388889
0.09375
-0.336806
0.0972222
0.109375
0.0920139
-0.229167
0.0920139
0.236111
0.0972222
-0.267361
0.09375
0.194444
0.0954861
0.5
0.0729167
0.0885417
0.0815972
0.545139
0.0868056
0.0902778
0.541667
0.397569
0.0885417
0.0850694
0.394097
0.0833333
-0.0798611
0.0868056
-0.0694444
0.0850694
-0.0659722
0.397569
-0.0677083
0.496528
0.0711806
0.0798611
0.0902778
0.536458
0.078125
0.0815972
0.539931
0.486111
0.0798611
0.0763889
0.420139
0.0746528
-0.0520833
0.078125
-0.0434028
0.0763889
0.0173611
0.486111
0.015625
0.0225694
0.0902778
0.0277778
0.0711806
0.0208333
0.0815972
0.0260417
0.0729167
0.0659722
0.335069
0.317708
0.0625
0.317708
0.501736
0.0659722
0.0607639
0.0694444
0.0416667
0.0677083
-0.373264
-0.145833
0.0625
-0.131944
0.335069
-0.373264
0.0642361
-0.154514
0.0694444
0.315972
0.0590278
0.0555556
0.0677083
0.522569
0.0607639
0.0572917
0.501736
0.494792
0.0208333
0.0590278
0.03125
0.0538194
-0.378472
0.0607639
-0.371528
0.0555556
-0.149306
0.315972
-0.154514
0.0486111
0.145833
0.128472
0.0451389
0.128472
0.503472
0.0486111
0.0347222
0.0520833
0.0434028
0.0503472
-0.387153
-0.310764
0.0451389
-0.289931
0.145833
-0.387153
0.046875
-0.319444
0.0520833
0.0399306
0.0486111
0.0416667
-0.388889
0.0381944
0.0659722
0.0434028
-0.375
0.0434028
0.138889
0.0381944
-0.3125
0.0416667
0.328125
0.0399306
-0.147569
0.0295139
-0.314236
0.126736
-0.319444
0.126736
0.0329861
0.0295139
0.0503472
0.505208
0.0347222
0.03125
0.503472
0.498264
0.0225694
0.0329861
0.0572917
0.0364583
-0.40625
0.0347222
-0.385417
0.0243056
-0.354167
0.0729167
-0.359375
0.0190972
-0.362847
0.0711806
-0.368056
0.0277778
-0.404514
0.0225694
-0.411458
0.0729167
0.03125
0.0243056
0.0208333
0.0711806
0.0572917
0.0190972
0.0225694
0.0260417
-0.376736
0.0208333
-0.413194
0.0121528
0.0746528
0.314236
0.0138889
-0.0434028
0.0138889
0.414931
0.0746528
-0.427083
0.015625
0.00173611
0.0173611
0.0173611
-0.364583
0.0104167
-0.427083
0.314236
-0.151042
0.0121528
-0.159722
0.286458
-0.105903
0.00694444
-0.0972222
0.480903
0.00520833
0.00868056
0.373264
0.477431
0.00694444
0
0.277778
-0.189236
0.00173611
0.272569
-0.00173611
-0.428819
0.00347222
0.0138889
-0.00347222
-0.00173611
-0.197917
0.00520833
-0.189236
0
-0.00347222
0.477431
0.00347222
-0.161458
-0.00173611
0.310764
0.00173611
-0.00868056
0.440972
0.230903
-0.0121528
0.230903
0.239583
-0.00868056
-0.232639
-0.00520833
-0.0295139
-0.00694444
-0.447917
-0.0225694
-0.0121528
0.234375
0.440972
-0.447917
-0.0104167
-0.234375
-0.00520833
-0.0173611
0.432292
0.383681
-0.0208333
0.383681
0.241319
-0.0173611
-0.0868056
-0.0138889
-0.0277778
-0.015625
-0.456597
-0.0381944
-0.0208333
0.387153
0.432292
-0.456597
-0.0190972
-0.0885417
-0.0138889
-0.0104167
-0.0347222
-0.0243056
0.434028
0.234375
-0.0260417
-0.0225694
0.442708
-0.208333
-0.0243056
-0.203125
0.262153
-0.03125
-0.0173611
-0.0295139
-0.458333
-0.0329861
-0.00868056
-0.0277778
-0.449653
-0.0277778
0.428819
-0.0329861
-0.0364583
-0.0295139
0.434028
-0.03125
-0.0347222
-0.449653
-0.0225694
-0.461806
-0.0329861
-0.458333
-0.0381944
-0.467014
-0.03125
-0.0190972
-0.0364583
-0.0399306
0.428819
0.387153
-0.0416667
-0.0381944
0.423611
-0.0625
-0.0399306
-0.0572917
0.411458
0.015625
-0.0538194
-0.0451389
0.0763889
0.414931
-0.046875
-0.0434028
0.418403
0.267361
-0.0451389
-0.0486111
0.409722
-0.0503472
-0.0763889
-0.046875
-0.0607639
-0.0486111
-0.0555556
0.267361
-0.0572917
-0.364583
0.0763889
-0.362847
-0.0538194
-0.425347
-0.0434028
-0.423611
-0.0520833
-0.420139
-0.0503472
-0.201389
-0.0590278
-0.0607639
-0.0590278
-0.0416667
-0.0503472
-0.487847
-0.0572917
-0.46875
-0.0555556
-0.0572917
-0.078125
-0.0625
-0.0486111
-0.0416667
-0.0642361
-0.0607639
0.407986
0.385417
-0.0625
-0.0694444
0.395833
-0.0729167
0.0833333
0.125
-0.0711806
-0.0694444
-0.0711806
0.385417
0.0833333
-0.0677083
-0.0815972
-0.0642361
0.0850694
-0.498264
-0.0677083
-0.0902778
-0.0659722
-0.0659722
-0.355903
-0.0746528
-0.498264
0.125
-0.315972
-0.0729167
-0.324653
-0.479167
-0.0486111
-0.477431
-0.078125
-0.486111
-0.0607639
-0.493056
-0.0763889
-0.355903
0.0850694
-0.354167
-0.0815972
-0.496528
-0.0694444
-0.494792
-0.0798611
0.0972222
-0.243056
-0.0850694
-0.229167
0.388889
-0.0868056
-0.0833333
0.241319
0.381944
-0.0850694
-0.0920139
-0.015625
-0.454861
-0.0902778
-0.0208333
-0.09375
-0.5
-0.0885417
-0.0711806
-0.0954861
-0.09375
-0.470486
-0.0868056
-0.454861
-0.0920139
-0.0954861
0.381944
-0.0885417
-0.326389
-0.09375
0.121528
-0.0902778
0.282986
-0.107639
-0.0989583
0.00868056
0.368056
-0.100694
-0.0972222
0.371528
0.248264
-0.0989583
-0.102431
0.244792
-0.104167
-0.225694
-0.100694
-0.215278
-0.102431
-0.211806
0.248264
-0.213542
-0.184028
0.00868056
-0.178819
-0.107639
-0.185764
-0.0972222
-0.180556
-0.105903
-0.112847
0.161458
0.213542
-0.116319
0.213542
0.295139
-0.112847
-0.118056
-0.109375
-0.137153
-0.111111
-0.53125
-0.295139
-0.116319
-0.260417
0.161458
-0.53125
-0.114583
-0.251736
-0.109375
0.211806
-0.119792
-0.123264
-0.111111
0.354167
-0.118056
-0.121528
0.295139
0.28125
-0.185764
-0.119792
-0.171875
-0.125
-0.536458
-0.118056
-0.529514
-0.123264
-0.246528
0.211806
-0.251736
-0.130208
0.336806
0.289931
-0.133681
0.289931
0.296875
-0.130208
-0.168403
-0.126736
-0.135417
-0.128472
-0.545139
-0.144097
-0.133681
0.0642361
0.336806
-0.545139
-0.131944
-0.177083
-0.126736
-0.138889
-0.130208
-0.137153
-0.546875
-0.140625
-0.112847
-0.135417
-0.532986
-0.135417
0.333333
-0.140625
-0.142361
-0.137153
0.157986
-0.138889
-0.296875
-0.546875
-0.144097
-0.555556
-0.138889
-0.131944
-0.142361
-0.145833
0.333333
0.0642361
-0.147569
-0.144097
0.328125
-0.375
-0.145833
-0.392361
0.0381944
-0.152778
0.0538194
0.293403
-0.15625
0.293403
0.0104167
-0.152778
-0.157986
-0.149306
-0.383681
-0.151042
-0.560764
-0.371528
-0.15625
0.0625
0.0538194
-0.560764
-0.154514
-0.175347
-0.149306
0.291667
-0.159722
-0.163194
-0.151042
0.310764
-0.157986
-0.161458
0.0104167
-0.00347222
-0.439236
-0.159722
-0.428819
-0.164931
-0.565972
-0.157986
-0.559028
-0.163194
-0.166667
0.291667
-0.175347
-0.173611
-0.164931
0.288194
-0.177083
0.288194
-0.170139
-0.173611
-0.128472
0.298611
-0.168403
-0.171875
0.296875
0.284722
-0.184028
-0.170139
-0.121528
-0.166667
-0.571181
-0.168403
-0.543403
-0.559028
-0.177083
-0.15625
-0.164931
-0.543403
-0.175347
-0.133681
-0.166667
-0.182292
-0.434028
-0.105903
-0.442708
-0.1875
-0.520833
-0.107639
-0.526042
-0.178819
-0.569444
-0.184028
-0.576389
-0.105903
-0.171875
-0.182292
-0.185764
-0.107639
-0.121528
-0.1875
-0.184028
-0.180556
-0.534722
-0.185764
-0.578125
0.00347222
-0.199653
-0.190972
0
0.272569
-0.192708
-0.189236
0.276042
0.263889
-0.190972
-0.194444
0.260417
-0.196181
-0.222222
-0.192708
-0.206597
-0.194444
-0.201389
0.263889
-0.203125
-0.439236
0
-0.434028
-0.199653
-0.4375
-0.189236
-0.432292
-0.197917
-0.421875
-0.196181
-0.0555556
-0.204861
-0.206597
-0.204861
-0.0260417
-0.196181
-0.605903
-0.203125
-0.463542
-0.201389
-0.203125
-0.223958
-0.208333
-0.194444
-0.0260417
-0.210069
-0.206597
0.258681
0.232639
-0.208333
-0.215278
0.246528
-0.21875
-0.104167
0.1875
-0.217014
-0.215278
-0.217014
0.232639
-0.104167
-0.213542
-0.227431
-0.210069
-0.102431
-0.616319
-0.213542
-0.236111
-0.211806
-0.211806
-0.522569
-0.220486
-0.616319
0.1875
-0.248264
-0.21875
-0.276042
-0.597222
-0.194444
-0.595486
-0.223958
-0.604167
-0.206597
-0.611111
-0.222222
-0.522569
-0.102431
-0.520833
-0.227431
-0.614583
-0.215278
-0.612847
-0.225694
0.09375
-0.244792
-0.230903
-0.0833333
0.236111
-0.232639
-0.229167
0.239583
0.229167
-0.230903
-0.237847
-0.00694444
-0.446181
-0.236111
-0.0121528
-0.239583
-0.618056
-0.234375
-0.217014
-0.241319
-0.239583
-0.451389
-0.232639
-0.446181
-0.237847
-0.241319
0.229167
-0.234375
-0.277778
-0.239583
0.182292
-0.236111
-0.348958
-0.0833333
-0.34375
-0.244792
-0.350694
-0.229167
-0.345486
-0.243056
-0.25
-0.125
0.177083
-0.253472
0.177083
-0.220486
-0.25
-0.274306
-0.246528
-0.541667
-0.248264
-0.640625
-0.529514
-0.253472
-0.116319
-0.125
-0.640625
-0.251736
-0.282986
-0.246528
-0.258681
0.15625
0.180556
-0.262153
0.180556
0.105903
-0.258681
-0.263889
-0.255208
-0.300347
-0.256944
-0.645833
-0.293403
-0.262153
-0.114583
0.15625
-0.645833
-0.260417
-0.28125
-0.255208
0.178819
-0.265625
-0.269097
-0.256944
0.194444
-0.263889
-0.267361
0.105903
0.0920139
-0.350694
-0.265625
-0.336806
-0.270833
-0.651042
-0.263889
-0.644097
-0.269097
-0.272569
0.178819
-0.28125
-0.279514
-0.270833
0.175347
-0.282986
0.175347
-0.276042
-0.279514
-0.248264
0.182292
-0.274306
-0.277778
-0.220486
-0.241319
-0.631944
-0.276042
-0.618056
-0.272569
-0.65625
-0.274306
-0.638889
-0.644097
-0.282986
-0.262153
-0.270833
-0.638889
-0.28125
-0.253472
-0.272569
-0.288194
0.147569
0.100694
-0.291667
0.100694
0.107639
-0.288194
-0.333333
-0.284722
-0.298611
-0.286458
-0.661458
-0.309028
-0.291667
0.046875
0.147569
-0.661458
-0.289931
-0.342014
-0.284722
-0.260417
-0.305556
-0.295139
0.149306
-0.114583
-0.296875
-0.293403
0.157986
-0.532986
-0.295139
-0.550347
-0.140625
-0.302083
-0.288194
-0.300347
-0.663194
-0.303819
-0.258681
-0.298611
-0.647569
-0.298611
0.144097
-0.303819
-0.307292
-0.300347
0.149306
-0.302083
-0.305556
-0.647569
-0.293403
-0.666667
-0.303819
-0.663194
-0.309028
-0.671875
-0.302083
-0.289931
-0.307292
-0.310764
0.144097
0.046875
-0.3125
-0.309028
0.138889
-0.388889
-0.310764
-0.397569
0.0399306
-0.317708
0.0364583
0.104167
-0.321181
0.104167
-0.0746528
-0.317708
-0.322917
-0.314236
-0.402778
-0.315972
-0.677083
-0.385417
-0.321181
0.0451389
0.0364583
-0.677083
-0.319444
-0.340278
-0.314236
0.102431
-0.324653
-0.328125
-0.315972
0.121528
-0.322917
-0.326389
-0.0746528
-0.0954861
-0.513889
-0.324653
-0.5
-0.329861
-0.682292
-0.322917
-0.675347
-0.328125
-0.331597
0.102431
-0.340278
-0.338542
-0.329861
0.0989583
-0.342014
0.0989583
-0.335069
-0.338542
-0.286458
0.109375
-0.333333
-0.336806
0.107639
0.0954861
-0.348958
-0.335069
-0.267361
-0.331597
-0.6875
-0.333333
-0.659722
-0.675347
-0.342014
-0.321181
-0.329861
-0.659722
-0.340278
-0.291667
-0.331597
-0.347222
-0.508681
-0.243056
-0.517361
-0.352431
-0.626736
-0.244792
-0.635417
-0.34375
-0.685764
-0.348958
-0.692708
-0.243056
-0.336806
-0.347222
-0.350694
-0.244792
-0.267361
-0.352431
-0.348958
-0.345486
-0.649306
-0.350694
-0.694444
-0.357639
0.0277778
-0.0798611
-0.361111
-0.0798611
-0.0729167
-0.357639
-0.496528
-0.354167
-0.401042
-0.355903
-0.713542
-0.411458
-0.361111
-0.368056
0.0277778
-0.713542
-0.359375
-0.505208
-0.354167
-0.366319
0.0260417
-0.0520833
-0.369792
-0.0520833
0.0121528
-0.366319
-0.425347
-0.362847
-0.381944
-0.364583
-0.71875
-0.413194
-0.369792
-0.359375
0.0260417
-0.71875
-0.368056
-0.482639
-0.362847
-0.154514
-0.380208
-0.373264
0.0555556
0.0625
-0.375
-0.371528
0.0659722
-0.147569
-0.373264
-0.390625
0.0416667
-0.381944
0.0190972
-0.378472
-0.414931
-0.383681
0.0555556
-0.376736
-0.380208
-0.5625
-0.371528
-0.590278
-0.378472
-0.376736
-0.366319
-0.383681
-0.720486
-0.378472
-0.152778
-0.381944
-0.5625
-0.319444
-0.407986
-0.387153
0.0295139
0.0451389
-0.388889
-0.385417
0.0486111
-0.3125
-0.387153
-0.395833
0.0434028
-0.392361
-0.416667
-0.375
-0.395833
-0.390625
-0.394097
-0.147569
-0.397569
-0.592014
-0.392361
-0.557292
-0.399306
-0.397569
-0.418403
-0.388889
-0.390625
-0.395833
-0.399306
-0.3125
-0.392361
-0.708333
-0.397569
-0.673611
-0.394097
-0.404514
-0.357639
-0.402778
-0.715278
-0.40625
-0.317708
-0.401042
-0.678819
-0.401042
0.0243056
-0.40625
-0.409722
-0.402778
0.0295139
-0.404514
-0.407986
-0.678819
-0.385417
-0.706597
-0.40625
-0.715278
-0.411458
-0.739583
-0.404514
-0.359375
-0.409722
-0.413194
0.0243056
-0.368056
-0.414931
-0.411458
0.0190972
-0.720486
-0.413194
-0.723958
-0.376736
-0.732639
-0.390625
-0.722222
-0.418403
-0.734375
-0.395833
-0.729167
-0.416667
-0.0555556
-0.479167
-0.421875
-0.487847
-0.201389
-0.597222
-0.420139
-0.605903
-0.430556
-0.477431
-0.0538194
-0.482639
-0.0538194
-0.427083
-0.430556
-0.364583
0.0138889
-0.425347
-0.428819
0.0121528
0.00173611
-0.4375
-0.427083
-0.161458
-0.423611
-0.748264
-0.425347
-0.717014
-0.435764
-0.595486
-0.199653
-0.600694
-0.440972
-0.178819
-0.197917
-0.444444
-0.432292
-0.746528
-0.4375
-0.753472
-0.199653
-0.428819
-0.435764
-0.439236
-0.197917
-0.161458
-0.440972
-0.4375
-0.434028
-0.564236
-0.439236
-0.755208
-0.576389
-0.444444
-0.526042
-0.178819
-0.755208
-0.442708
-0.600694
-0.434028
-0.234375
-0.453125
-0.447917
-0.237847
-0.0121528
-0.449653
-0.446181
-0.00868056
-0.0347222
-0.447917
-0.460069
-0.0295139
-0.631944
-0.237847
-0.626736
-0.453125
-0.630208
-0.446181
-0.625
-0.451389
-0.0885417
-0.472222
-0.456597
-0.0920139
-0.0208333
-0.458333
-0.454861
-0.0173611
-0.0364583
-0.456597
-0.465278
-0.0277778
-0.461806
-0.473958
-0.449653
-0.465278
-0.460069
-0.463542
-0.0347222
-0.467014
-0.607639
-0.461806
-0.204861
-0.46875
-0.467014
-0.475694
-0.458333
-0.460069
-0.465278
-0.46875
-0.0364583
-0.461806
-0.489583
-0.467014
-0.0590278
-0.463542
-0.513889
-0.0920139
-0.508681
-0.472222
-0.512153
-0.454861
-0.506944
-0.470486
-0.770833
-0.460069
-0.762153
-0.475694
-0.772569
-0.465278
-0.767361
-0.473958
-0.480903
-0.423611
-0.0763889
-0.484375
-0.0763889
-0.420139
-0.480903
-0.486111
-0.477431
-0.744792
-0.479167
-0.791667
-0.717014
-0.484375
-0.369792
-0.423611
-0.791667
-0.482639
-0.503472
-0.477431
-0.078125
-0.487847
-0.491319
-0.479167
-0.0590278
-0.486111
-0.489583
-0.420139
-0.46875
-0.772569
-0.487847
-0.607639
-0.493056
-0.796875
-0.486111
-0.789931
-0.491319
-0.494792
-0.078125
-0.503472
-0.501736
-0.493056
-0.0815972
-0.505208
-0.0815972
-0.498264
-0.501736
-0.355903
-0.0711806
-0.496528
-0.5
-0.0729167
-0.0902778
-0.512153
-0.498264
-0.326389
-0.494792
-0.802083
-0.496528
-0.711806
-0.789931
-0.505208
-0.484375
-0.493056
-0.711806
-0.503472
-0.361111
-0.494792
-0.510417
-0.767361
-0.472222
-0.776042
-0.515625
-0.34375
-0.470486
-0.519097
-0.506944
-0.800347
-0.512153
-0.807292
-0.472222
-0.5
-0.510417
-0.513889
-0.470486
-0.326389
-0.515625
-0.512153
-0.508681
-0.680556
-0.513889
-0.809028
-0.692708
-0.519097
-0.635417
-0.34375
-0.809028
-0.517361
-0.776042
-0.508681
-0.524306
-0.180556
-0.225694
-0.527778
-0.225694
-0.21875
-0.524306
-0.614583
-0.520833
-0.539931
-0.522569
-0.817708
-0.578125
-0.527778
-0.442708
-0.180556
-0.817708
-0.526042
-0.623264
-0.520833
-0.251736
-0.538194
-0.53125
-0.123264
-0.116319
-0.532986
-0.529514
-0.112847
-0.296875
-0.53125
-0.548611
-0.137153
-0.539931
-0.1875
-0.536458
-0.579861
-0.541667
-0.123264
-0.534722
-0.538194
-0.642361
-0.529514
-0.784722
-0.536458
-0.534722
-0.524306
-0.541667
-0.819444
-0.536458
-0.25
-0.539931
-0.642361
-0.177083
-0.572917
-0.545139
-0.173611
-0.133681
-0.546875
-0.543403
-0.130208
-0.142361
-0.545139
-0.553819
-0.135417
-0.550347
-0.581597
-0.532986
-0.553819
-0.548611
-0.552083
-0.296875
-0.555556
-0.786458
-0.550347
-0.668403
-0.557292
-0.555556
-0.583333
-0.546875
-0.548611
-0.553819
-0.557292
-0.142361
-0.550347
-0.59375
-0.555556
-0.394097
-0.552083
-0.175347
-0.567708
-0.560764
-0.163194
-0.15625
-0.5625
-0.559028
-0.152778
-0.380208
-0.560764
-0.588542
-0.383681
-0.569444
-0.440972
-0.565972
-0.756944
-0.571181
-0.163194
-0.564236
-0.567708
-0.572917
-0.559028
-0.585069
-0.565972
-0.564236
-0.182292
-0.571181
-0.574653
-0.565972
-0.173611
-0.569444
-0.572917
-0.567708
-0.543403
-0.586806
-0.571181
-0.756944
-0.576389
-0.840278
-0.569444
-0.442708
-0.574653
-0.578125
-0.182292
-0.526042
-0.579861
-0.576389
-0.1875
-0.819444
-0.578125
-0.822917
-0.534722
-0.831597
-0.548611
-0.821181
-0.583333
-0.833333
-0.553819
-0.828125
-0.581597
-0.586806
-0.835069
-0.567708
-0.838542
-0.585069
-0.828125
-0.572917
-0.840278
-0.590278
-0.758681
-0.5625
-0.725694
-0.588542
-0.722222
-0.380208
-0.723958
-0.394097
-0.732639
-0.59375
-0.708333
-0.557292
-0.833333
-0.592014
-0.786458
-0.598958
-0.432292
-0.222222
-0.602431
-0.222222
-0.421875
-0.598958
-0.604167
-0.595486
-0.743056
-0.597222
-0.850694
-0.753472
-0.602431
-0.444444
-0.432292
-0.850694
-0.600694
-0.621528
-0.595486
-0.223958
-0.605903
-0.609375
-0.597222
-0.204861
-0.604167
-0.607639
-0.421875
-0.463542
-0.770833
-0.605903
-0.489583
-0.611111
-0.855903
-0.604167
-0.848958
-0.609375
-0.612847
-0.223958
-0.621528
-0.619792
-0.611111
-0.227431
-0.623264
-0.227431
-0.616319
-0.619792
-0.522569
-0.217014
-0.614583
-0.618056
-0.21875
-0.236111
-0.630208
-0.616319
-0.277778
-0.612847
-0.861111
-0.614583
-0.815972
-0.848958
-0.623264
-0.602431
-0.611111
-0.815972
-0.621528
-0.527778
-0.612847
-0.628472
-0.762153
-0.453125
-0.763889
-0.633681
-0.345486
-0.451389
-0.637153
-0.625
-0.859375
-0.630208
-0.866319
-0.453125
-0.618056
-0.628472
-0.631944
-0.451389
-0.277778
-0.633681
-0.630208
-0.626736
-0.654514
-0.631944
-0.868056
-0.694444
-0.637153
-0.517361
-0.345486
-0.868056
-0.635417
-0.763889
-0.626736
-0.282986
-0.657986
-0.640625
-0.279514
-0.253472
-0.642361
-0.638889
-0.25
-0.538194
-0.640625
-0.782986
-0.541667
-0.28125
-0.652778
-0.645833
-0.269097
-0.262153
-0.647569
-0.644097
-0.258681
-0.305556
-0.645833
-0.664931
-0.300347
-0.654514
-0.352431
-0.651042
-0.696181
-0.65625
-0.269097
-0.649306
-0.652778
-0.657986
-0.644097
-0.78125
-0.651042
-0.649306
-0.633681
-0.65625
-0.869792
-0.651042
-0.279514
-0.654514
-0.657986
-0.652778
-0.638889
-0.779514
-0.65625
-0.342014
-0.689236
-0.661458
-0.338542
-0.291667
-0.663194
-0.659722
-0.288194
-0.307292
-0.661458
-0.670139
-0.298611
-0.666667
-0.697917
-0.647569
-0.670139
-0.664931
-0.668403
-0.305556
-0.671875
-0.788194
-0.666667
-0.552083
-0.673611
-0.671875
-0.699653
-0.663194
-0.664931
-0.670139
-0.673611
-0.307292
-0.666667
-0.710069
-0.671875
-0.399306
-0.668403
-0.340278
-0.684028
-0.677083
-0.328125
-0.321181
-0.678819
-0.675347
-0.317708
-0.407986
-0.677083
-0.704861
-0.402778
-0.685764
-0.515625
-0.682292
-0.810764
-0.6875
-0.328125
-0.680556
-0.684028
-0.689236
-0.675347
-0.701389
-0.682292
-0.680556
-0.347222
-0.6875
-0.690972
-0.682292
-0.338542
-0.685764
-0.689236
-0.684028
-0.659722
-0.703125
-0.6875
-0.810764
-0.692708
-0.895833
-0.685764
-0.517361
-0.690972
-0.694444
-0.347222
-0.635417
-0.696181
-0.692708
-0.352431
-0.869792
-0.694444
-0.878472
-0.649306
-0.887153
-0.664931
-0.876736
-0.699653
-0.888889
-0.670139
-0.883681
-0.697917
-0.703125
-0.890625
-0.684028
-0.894097
-0.701389
-0.883681
-0.689236
-0.895833
-0.706597
-0.8125
-0.678819
-0.737847
-0.704861
-0.729167
-0.407986
-0.739583
-0.399306
-0.734375
-0.710069
-0.592014
-0.673611
-0.888889
-0.708333
-0.788194
-0.505208
-0.803819
-0.713542
-0.501736
-0.361111
-0.715278
-0.711806
-0.357639
-0.409722
-0.713542
-0.737847
-0.401042
-0.482639
-0.75
-0.71875
-0.430556
-0.369792
-0.720486
-0.717014
-0.366319
-0.414931
-0.71875
-0.725694
-0.381944
-0.730903
-0.590278
-0.416667
-0.727431
-0.725694
-0.727431
-0.414931
-0.590278
-0.723958
-0.760417
-0.720486
-0.588542
-0.916667
-0.723958
-0.741319
-0.722222
-0.736111
-0.706597
-0.418403
-0.741319
-0.722222
-0.847222
-0.732639
-0.916667
-0.416667
-0.592014
-0.730903
-0.734375
-0.418403
-0.708333
-0.736111
-0.732639
-0.729167
-0.902778
-0.734375
-0.918403
-0.739583
-0.814236
-0.715278
-0.704861
-0.737847
-0.741319
-0.409722
-0.706597
-0.918403
-0.739583
-0.727431
-0.729167
-0.746528
-0.598958
-0.744792
-0.852431
-0.748264
-0.480903
-0.743056
-0.793403
-0.743056
-0.435764
-0.748264
-0.751736
-0.744792
-0.430556
-0.746528
-0.75
-0.793403
-0.717014
-0.911458
-0.748264
-0.852431
-0.753472
-0.925347
-0.746528
-0.600694
-0.751736
-0.755208
-0.435764
-0.444444
-0.756944
-0.753472
-0.440972
-0.574653
-0.755208
-0.838542
-0.564236
-0.847222
-0.588542
-0.835069
-0.760417
-0.914931
-0.725694
-0.913194
-0.758681
-0.769097
-0.625
-0.473958
-0.765625
-0.866319
-0.765625
-0.637153
-0.625
-0.930556
-0.763889
-0.777778
-0.762153
-0.774306
-0.506944
-0.475694
-0.777778
-0.762153
-0.854167
-0.770833
-0.930556
-0.473958
-0.607639
-0.769097
-0.772569
-0.475694
-0.489583
-0.774306
-0.770833
-0.767361
-0.795139
-0.772569
-0.932292
-0.807292
-0.777778
-0.519097
-0.506944
-0.932292
-0.776042
-0.765625
-0.767361
-0.78125
-0.875
-0.657986
-0.880208
-0.779514
-0.876736
-0.652778
-0.878472
-0.784722
-0.871528
-0.642361
-0.824653
-0.782986
-0.821181
-0.538194
-0.822917
-0.552083
-0.831597
-0.788194
-0.59375
-0.668403
-0.887153
-0.786458
-0.710069
-0.503472
-0.798611
-0.791667
-0.491319
-0.484375
-0.793403
-0.789931
-0.480903
-0.75
-0.791667
-0.909722
-0.744792
-0.800347
-0.774306
-0.796875
-0.934028
-0.802083
-0.491319
-0.795139
-0.798611
-0.803819
-0.789931
-0.904514
-0.796875
-0.795139
-0.510417
-0.802083
-0.805556
-0.796875
-0.501736
-0.800347
-0.803819
-0.798611
-0.711806
-0.90625
-0.802083
-0.934028
-0.807292
-0.947917
-0.800347
-0.776042
-0.805556
-0.809028
-0.510417
-0.519097
-0.810764
-0.807292
-0.515625
-0.690972
-0.809028
-0.894097
-0.680556
-0.902778
-0.704861
-0.890625
-0.814236
-0.920139
-0.737847
-0.907986
-0.8125
-0.623264
-0.862847
-0.817708
-0.619792
-0.527778
-0.819444
-0.815972
-0.524306
-0.579861
-0.817708
-0.824653
-0.539931
-0.829861
-0.784722
-0.581597
-0.826389
-0.824653
-0.826389
-0.579861
-0.784722
-0.822917
-0.873264
-0.819444
-0.782986
-0.960069
-0.822917
-0.842014
-0.821181
-0.836806
-0.586806
-0.583333
-0.842014
-0.821181
-0.940972
-0.831597
-0.960069
-0.581597
-0.786458
-0.829861
-0.833333
-0.583333
-0.59375
-0.836806
-0.831597
-0.845486
-0.585069
-0.758681
-0.84375
-0.828125
-0.845486
-0.833333
-0.961806
-0.840278
-0.84375
-0.756944
-0.585069
-0.838542
-0.842014
-0.574653
-0.586806
-0.961806
-0.840278
-0.826389
-0.828125
-0.963542
-0.838542
-0.927083
-0.835069
-0.835069
-0.836806
-0.847222
-0.963542
-0.758681
-0.730903
-0.845486
-0.914931
-0.621528
-0.857639
-0.850694
-0.609375
-0.602431
-0.852431
-0.848958
-0.598958
-0.751736
-0.850694
-0.923611
-0.743056
-0.859375
-0.769097
-0.855903
-0.928819
-0.861111
-0.609375
-0.854167
-0.857639
-0.862847
-0.848958
-0.953125
-0.855903
-0.854167
-0.628472
-0.861111
-0.864583
-0.855903
-0.619792
-0.859375
-0.862847
-0.857639
-0.815972
-0.954861
-0.861111
-0.928819
-0.866319
-0.973958
-0.859375
-0.763889
-0.864583
-0.868056
-0.628472
-0.637153
-0.869792
-0.866319
-0.633681
-0.696181
-0.868056
-0.880208
-0.654514
-0.940972
-0.782986
-0.875
-0.873264
-0.958333
-0.824653
-0.956597
-0.871528
-0.939236
-0.779514
-0.871528
-0.9375
-0.885417
-0.78125
-0.697917
-0.881944
-0.880208
-0.881944
-0.696181
-0.78125
-0.878472
-0.9375
-0.869792
-0.779514
-0.979167
-0.878472
-0.897569
-0.876736
-0.892361
-0.703125
-0.699653
-0.897569
-0.876736
-0.939236
-0.887153
-0.979167
-0.697917
-0.788194
-0.885417
-0.888889
-0.699653
-0.710069
-0.892361
-0.887153
-0.901042
-0.701389
-0.8125
-0.899306
-0.883681
-0.901042
-0.888889
-0.980903
-0.895833
-0.899306
-0.810764
-0.701389
-0.894097
-0.897569
-0.690972
-0.703125
-0.980903
-0.895833
-0.881944
-0.883681
-0.982639
-0.894097
-0.949653
-0.890625
-0.890625
-0.892361
-0.902778
-0.982639
-0.8125
-0.736111
-0.901042
-0.920139
-0.90625
-0.942708
-0.798611
-0.946181
-0.904514
-0.907986
-0.803819
-0.947917
-0.944444
-0.90625
-0.814236
-0.949653
-0.911458
-0.935764
-0.793403
-0.923611
-0.909722
-0.913194
-0.75
-0.925347
-0.921875
-0.911458
-0.760417
-0.927083
-0.760417
-0.916667
-0.921875
-0.847222
-0.727431
-0.914931
-0.918403
-0.730903
-0.741319
-0.920139
-0.916667
-0.736111
-0.814236
-0.918403
-0.944444
-0.902778
-0.913194
-0.987847
-0.914931
-0.965278
-0.925347
-0.951389
-0.852431
-0.909722
-0.923611
-0.927083
-0.751736
-0.911458
-0.965278
-0.925347
-0.84375
-0.913194
-0.864583
-0.930556
-0.972222
-0.854167
-0.765625
-0.928819
-0.932292
-0.769097
-0.777778
-0.934028
-0.930556
-0.774306
-0.805556
-0.932292
-0.946181
-0.795139
-0.987847
-0.909722
-0.942708
-0.951389
-0.977431
-0.880208
-0.975694
-0.875
-0.875
-0.885417
-0.940972
-0.977431
-0.871528
-0.829861
-0.939236
-0.958333
-0.986111
-0.904514
-0.935764
-0.967014
-0.907986
-0.986111
-0.920139
-0.984375
-0.947917
-0.967014
-0.934028
-0.904514
-0.946181
-0.949653
-0.805556
-0.90625
-0.984375
-0.947917
-0.899306
-0.907986
-0.989583
-0.923611
-0.96875
-0.935764
-0.954861
-0.96875
-0.857639
-0.972222
-0.953125
-0.956597
-0.862847
-0.973958
-0.970486
-0.954861
-0.873264
-0.975694
-0.873264
-0.960069
-0.970486
-0.940972
-0.826389
-0.958333
-0.961806
-0.829861
-0.842014
-0.963542
-0.960069
-0.836806
-0.84375
-0.961806
-0.965278
-0.845486
-0.927083
-0.989583
-0.963542
-0.921875
-0.994792
-0.946181
-0.991319
-0.942708
-0.996528
-0.953125
-0.951389
-0.991319
-0.956597
-0.996528
-0.958333
-0.993056
-0.973958
-0.991319
-0.928819
-0.953125
-0.972222
-0.975694
-0.864583
-0.954861
-0.993056
-0.973958
-0.9375
-0.956597
-0.9375
-0.979167
-0.993056
-0.939236
-0.881944
-0.977431
-0.980903
-0.885417
-0.897569
-0.982639
-0.979167
-0.892361
-0.899306
-0.980903
-0.984375
-0.901042
-0.949653
-0.994792
-0.982639
-0.944444
-0.942708
-0.944444
-0.987847
-0.994792
-0.935764
-0.921875
-0.986111
-0.989583
-0.951389
-0.965278
-0.996528
-0.987847
-0.998264
-0.972222
-0.967014
-0.96875
-0.975694
-0.998264
-0.977431
-0.970486
-0.967014
-0.984375
-0.998264
-0.986111
-0.96875
-0.970486
-0.989583
-0.998264
-0.991319
-0.993056
-0.994792
