-0.966667
-0.983333
-0.866667
-0.75
-0.733333
-0.883333
-0.9
-0.95
-0.533333
-0.183333
-0.483333
-0.65
-0.633333
-0.616667
-0.933333
-0.916667
-0.516667
-0.35
0.116667
-0.5
-0.8
-0.783333
-0.766667
-0.45
-0.25
-0.233333
-0.216667
-0.85
-0.716667
-0.666667
-0.816667
-0.1
-0.6
0.366667
0.0666667
-0.3
-0.283333
-0.266667
-0.7
-0.2
0.1
-0.4
-0.383333
-0.366667
-0.583333
-0.566667
-0.55
-0.333333
-0.833333
-0.116667
0.45
0.433333
-0.166667
-0.466667
-0.0666667
-0.0833333
0.75
0.0166667
0
-0.0166667
-0.0333333
0.05
0.0333333
-0.416667
0.6
-0.316667
-0.683333
0.183333
0.416667
0.4
0.133333
0.85
0.233333
0.216667
0.8
0.316667
0.3
0.283333
0.266667
0.35
0.333333
-0.433333
0.583333
0.166667
0.15
-0.133333
-0.15
0.483333
0.466667
0.883333
0.566667
0.55
0.533333
0.516667
0.383333
0.0833333
0.683333
0.7
0.983333
0.95
0.616667
0.633333
0.733333
0.716667
-0.05
0.783333
0.766667
0.25
0.966667
0.866667
0.2
0.833333
0.5
0.916667
0.9
1
0.666667
0.816667
0.65
0.933333
0.933333
-0.95
-0.9
-0.983333
-0.816667
-0.716667
-0.966667
-0.866667
-0.883333
-0.833333
-0.85
-0.933333
-0.466667
-0.0333333
-0.416667
-0.666667
-0.6
-0.916667
-0.683333
-0.7
-0.75
-0.0833333
-0.0166667
0.0333333
-0.733333
-0.166667
0.266667
-0.433333
-0.333333
-0.45
-0.483333
-0.5
-0.8
-0.516667
-0.55
-0.766667
0.133333
0.516667
0.0833333
-0.316667
-0.533333
-0.35
0.466667
0.533333
0.383333
0.216667
0.283333
0.333333
-0.183333
-0.2
-0.583333
-0.05
0.25
0.233333
-0.0666667
-0.65
-0.1
-0.15
-0.783333
-0.633333
0.0166667
0
-0.616667
0.0666667
0.05
-0.366667
0.116667
0.1
-0.4
0.2
0.5
0.483333
0.15
-0.25
-0.116667
-0.133333
-0.566667
-0.233333
0.316667
0.3
-0.216667
0.366667
0.35
-0.266667
0.9
0.833333
0.766667
0.716667
-0.3
0.183333
0.166667
-0.383333
-0.283333
0.566667
0.55
0.6
0.583333
0.65
0.666667
0.616667
0.633333
0.933333
0.816667
0.45
0.75
0.733333
0.433333
0.8
0.783333
0.7
0.416667
0.866667
0.85
0.916667
0.4
0.883333
0.683333
0.966667
0.95
1
0.983333
0.983333
-0.933333
-0.75
-0.85
-0.983333
-0.766667
-0.7
-0.35
-0.533333
-0.95
-0.816667
-0.833333
-0.783333
-0.8
-0.916667
-0.966667
-0.616667
-0.55
-0.9
-0.666667
-0.683333
-0.633333
-0.65
-0.733333
-0.366667
-0.566667
-0.583333
-0.716667
-0.866667
-0.216667
0.116667
-0.183333
-0.15
-0.266667
-0.416667
-0.433333
-0.383333
-0.4
-0.6
-0.883333
-0.316667
-0.333333
-0.283333
-0.3
-0.45
-0.233333
-0.25
-0.516667
0.1
-0.483333
-0.133333
-0.466667
-0.166667
0.433333
0.45
0.15
0.416667
-0.0333333
-0.05
0.2
0.85
0.75
0.0833333
0.6
0.366667
0.0333333
-0.2
-0.5
0.166667
-0.0833333
0.133333
0.4
-0.0166667
0.633333
0.7
0.266667
0.25
0.666667
0.95
0.8
0.383333
0.583333
0.0666667
0.333333
0.183333
-0.0666667
-0.116667
-0.1
0.616667
0.683333
0.516667
0.5
0.65
0.983333
0.883333
0.35
0.05
0.466667
0.216667
0.533333
0.283333
0.483333
0.233333
0.833333
0.866667
0.0166667
0.816667
0.966667
0.316667
0.766667
0.716667
0
0.733333
0.566667
0.933333
1
0.9
0.3
0.783333
0.55
0.916667
0.916667
-0.916667
-0.733333
-0.716667
-0.8
-0.983333
-0.6
-0.45
-0.516667
-0.583333
-0.166667
-0.466667
-0.933333
-0.766667
-0.783333
-0.65
-0.966667
-0.95
-0.4
0.133333
-0.0833333
-0.75
-0.616667
-0.633333
-0.9
-0.85
-0.55
-0.566667
-0.25
-0.866667
-0.0666667
-0.1
-0.816667
-0.883333
0.266667
-0.0333333
-0.7
-0.366667
-0.383333
-0.3
0.216667
0.466667
-0.35
-0.266667
-0.283333
-0.533333
-0.216667
-0.233333
0.233333
-0.116667
-0.833333
-0.133333
-0.15
-0.183333
-0.483333
-0.666667
-0.5
0.25
-0.416667
0.0333333
0.05
0.0666667
-0.0166667
0
0.0166667
0.516667
0.483333
0.183333
-0.683333
0.166667
0.15
0.116667
0.5
-0.333333
-0.2
-0.05
-0.433333
0.333333
0.35
0.366667
0.283333
0.3
0.316667
0.533333
0.416667
0.4
0.45
0.433333
-0.316667
0.1
0.2
0.0833333
0.383333
0.583333
0.6
0.55
0.566667
0.633333
0.616667
0.666667
0.65
0.7
0.683333
0.766667
0.783333
0.8
0.716667
0.733333
0.75
0.933333
0.9
0.883333
0.916667
0.85
0.833333
0.866667
0.816667
0.983333
1
0.95
0.966667
0.966667
0
0
0
0
0
0
0
0
0
0
0
0
0
0
0
0
0
0
0
0
0
0
0
0
0
0
0
0
0
0
0
0
0
0
0
0
0
0
0
0
0
0
0
0
0
0
0
0
0
0
0
0
0
0
0
0
9.69284e-72
0.966667
0.966667
0.95
1
0.983333
0.816667
0.866667
0.833333
0.85
0.916667
0.883333
0.9
0.933333
0.75
0.733333
0.716667
0.8
0.783333
0.766667
0.683333
0.7
0.65
0.666667
0.616667
0.633333
0.566667
0.55
0.6
0.583333
0.383333
0.0833333
0.2
0.1
-0.316667
0.433333
0.45
0.4
0.416667
0.533333
0.316667
0.3
0.283333
0.366667
0.35
0.333333
-0.433333
-0.05
-0.2
-0.333333
0.5
0.116667
0.15
0.166667
-0.683333
0.183333
0.483333
0.516667
0.0166667
0
-0.0166667
0.0666667
0.05
0.0333333
-0.416667
0.25
-0.5
-0.666667
-0.483333
-0.183333
-0.15
-0.133333
-0.833333
-0.116667
0.233333
-0.233333
-0.216667
-0.533333
-0.283333
-0.266667
-0.35
0.466667
0.216667
-0.3
-0.383333
-0.366667
-0.7
-0.0333333
0.266667
-0.883333
-0.816667
-0.1
-0.0666667
-0.866667
-0.25
-0.566667
-0.55
-0.85
-0.9
-0.633333
-0.616667
-0.75
-0.0833333
0.133333
-0.4
-0.95
-0.966667
-0.65
-0.783333
-0.766667
-0.933333
-0.466667
-0.166667
-0.583333
-0.516667
-0.45
-0.6
-0.983333
-0.8
-0.716667
-0.733333
-0.916667
0.916667
0.916667
0.55
0.783333
0.3
0.9
1
0.933333
0.566667
0.733333
0
0.716667
0.766667
0.316667
0.966667
0.816667
0.0166667
0.866667
0.833333
0.233333
0.483333
0.283333
0.533333
0.216667
0.466667
0.05
0.35
0.883333
0.983333
0.65
0.5
0.516667
0.683333
0.616667
-0.1
-0.116667
-0.0666667
0.183333
0.333333
0.0666667
0.583333
0.383333
0.8
0.95
0.666667
0.25
0.266667
0.7
0.633333
-0.0166667
0.4
0.133333
-0.0833333
0.166667
-0.5
-0.2
0.0333333
0.366667
0.6
0.0833333
0.75
0.85
0.2
-0.05
-0.0333333
0.416667
0.15
0.45
0.433333
-0.166667
-0.466667
-0.133333
-0.483333
0.1
-0.516667
-0.25
-0.233333
-0.45
-0.3
-0.283333
-0.333333
-0.316667
-0.883333
-0.6
-0.4
-0.383333
-0.433333
-0.416667
-0.266667
-0.15
-0.183333
0.116667
-0.216667
-0.866667
-0.716667
-0.583333
-0.566667
-0.366667
-0.733333
-0.65
-0.633333
-0.683333
-0.666667
-0.9
-0.55
-0.616667
-0.966667
-0.916667
-0.8
-0.783333
-0.833333
-0.816667
-0.95
-0.533333
-0.35
-0.7
-0.766667
-0.983333
-0.85
-0.75
-0.933333
0.983333
0.983333
1
0.95
0.966667
0.683333
0.883333
0.4
0.916667
0.85
0.866667
0.416667
0.7
0.783333
0.8
0.433333
0.733333
0.75
0.45
0.816667
0.933333
0.633333
0.616667
0.666667
0.65
0.583333
0.6
0.55
0.566667
-0.283333
-0.383333
0.166667
0.183333
-0.3
0.716667
0.766667
0.833333
0.9
-0.266667
0.35
0.366667
-0.216667
0.3
0.316667
-0.233333
-0.566667
-0.133333
-0.116667
-0.25
0.15
0.483333
0.5
0.2
-0.4
0.1
0.116667
-0.366667
0.05
0.0666667
-0.616667
0
0.0166667
-0.633333
-0.783333
-0.15
-0.1
-0.65
-0.0666667
0.233333
0.25
-0.05
-0.583333
-0.2
-0.183333
0.333333
0.283333
0.216667
0.383333
0.533333
0.466667
-0.35
-0.533333
-0.316667
0.0833333
0.516667
0.133333
-0.766667
-0.55
-0.516667
-0.8
-0.5
-0.483333
-0.45
-0.333333
-0.433333
0.266667
-0.166667
-0.733333
0.0333333
-0.0166667
-0.0833333
-0.75
-0.7
-0.683333
-0.916667
-0.6
-0.666667
-0.416667
-0.0333333
-0.466667
-0.933333
-0.85
-0.833333
-0.883333
-0.866667
-0.966667
-0.716667
-0.816667
-0.983333
-0.9
-0.95
0.933333
0.933333
0.65
0.816667
0.666667
1
0.9
0.916667
0.5
0.833333
0.2
0.866667
0.966667
0.25
0.766667
0.783333
-0.05
0.716667
0.733333
0.633333
0.616667
0.95
0.983333
0.7
0.683333
0.0833333
0.383333
0.516667
0.533333
0.55
0.566667
0.883333
0.466667
0.483333
-0.15
-0.133333
0.15
0.166667
0.583333
-0.433333
0.333333
0.35
0.266667
0.283333
0.3
0.316667
0.8
0.216667
0.233333
0.85
0.133333
0.4
0.416667
0.183333
-0.683333
-0.316667
0.6
-0.416667
0.0333333
0.05
-0.0333333
-0.0166667
0
0.0166667
0.75
-0.0833333
-0.0666667
-0.466667
-0.166667
0.433333
0.45
-0.116667
-0.833333
-0.333333
-0.55
-0.566667
-0.583333
-0.366667
-0.383333
-0.4
0.1
-0.2
-0.7
-0.266667
-0.283333
-0.3
0.0666667
0.366667
-0.6
-0.1
-0.816667
-0.666667
-0.716667
-0.85
-0.216667
-0.233333
-0.25
-0.45
-0.766667
-0.783333
-0.8
-0.5
0.116667
-0.35
-0.516667
-0.916667
-0.933333
-0.616667
-0.633333
-0.65
-0.483333
-0.183333
-0.533333
-0.95
-0.9
-0.883333
-0.733333
-0.75
-0.866667
-0.983333
