       a   A   b   B   c   C   d   D
 1:    2   2   3   3   4   4   5   5
 2:    1   1   6   6  15  15  16  16
 3:    8   8   1   1   9   9  17  17
 4:   15  15  11  11   1   1  12  12
 5:   16  16  17  17  14  14   1   1
 6:    7   7   2   2  18  18  24  24
 7:    6   6   8   8  39  39  33  33
 8:    3   3   7   7  28  28  29  29
 9:   28  28  10  10   3   3  25  25
10:   49  49   9   9  11  11  50  50
11:   31  31   4   4  10  10  32  32
12:   21  21  32  32  13  13   4   4
13:   22  22  58  58  12  12  14  14
14:   23  23  35  35   5   5  13  13
15:    4   4  20  20   2   2  21  21
16:    5   5  24  24  23  23   2   2
17:   29  29   5   5  27  27   3   3
18:   39  39  19  19   6   6  36  36
19:   67  67  18  18  20  20  68  68
20:   30  30  15  15  19  19  55  55
21:   12  12  55  55  22  22  15  15
22:   13  13  59  59  21  21  23  23
23:   14  14  62  62  16  16  22  22
24:   33  33  16  16  38  38   6   6
25:   45  45  50  50  26  26   9   9
26:   46  46  76  76  25  25  27  27
27:   47  47  34  34  17  17  26  26
28:    9   9  40  40   8   8  45  45
29:   17  17  33  33  47  47   8   8
30:   20  20  31  31  67  67  56  56
31:   11  11  30  30  49  49  54  54
32:   54  54  12  12  51  51  11  11
33:   24  24  29  29  44  44   7   7
34:   82  82  27  27  35  35  76  76
35:   64  64  14  14  34  34  58  58
36:   42  42  68  68  37  37  18  18
37:   43  43  91  91  36  36  38  38
38:   44  44  65  65  24  24  37  37
39:   18  18  41  41   7   7  42  42
40:   48  48  28  28  41  41  73  73
41:   66  66  39  39  40  40  88  88
42:   36  36  88  88  43  43  39  39
43:   37  37  92  92  42  42  44  44
44:   38  38  83  83  33  33  43  43
45:   25  25  73  73  46  46  28  28
46:   26  26  77  77  45  45  47  47
47:   27  27  80  80  29  29  46  46
48:   40  40  49  49  66  66  74  74
49:   10  10  48  48  31  31  53  53
50:   53  53  25  25  52  52  10  10
51:   87  87  57  57  32  32  52  52
52:   86  86  75  75  50  50  51  51
53:   50  50  74  74  86  86  49  49
54:   32  32  56  56  87  87  31  31
55:   56  56  21  21  69  69  20  20
56:   55  55  54  54  85  85  30  30
57:  105 105  51  51  58  58  75  75
58:   61  61  13  13  57  57  35  35
59:   60  60  22  22  72  72  62  62
60:   59  59  61  61 111 111  63  63
61:   58  58  60  60 105 105  64  64
62:   63  63  23  23  65  65  59  59
63:   62  62  64  64  96  96  60  60
64:   35  35  63  63  82  82  61  61
65:   96  96  38  38  62  62  91  91
66:   41  41  67  67  48  48  89  89
67:   19  19  66  66  30  30  71  71
68:   71  71  36  36  70  70  19  19
69:   85  85  72  72  55  55  70  70
70:   84  84  90  90  68  68  69  69
71:   68  68  89  89  84  84  67  67
72:  111 111  69  69  59  59  90  90
73:   74  74  45  45  98  98  40  40
74:   73  73  53  53 102 102  48  48
75:  108 108  52  52  76  76  57  57
76:   79  79  26  26  75  75  34  34
77:   78  78  46  46 100 100  80  80
78:   77  77  79  79 117 117  81  81
79:   76  76  78  78 108 108  82  82
80:   81  81  47  47  83  83  77  77
81:   80  80  82  82  95  95  78  78
82:   34  34  81  81  64  64  79  79
83:   95  95  44  44  80  80  92  92
84:   70  70 114 114  71  71  85  85
85:   69  69 110 110  56  56  84  84
86:   52  52 106 106  53  53  87  87
87:   51  51 103 103  54  54  86  86
88:   89  89  42  42  97  97  41  41
89:   88  88  71  71 101 101  66  66
90:  113 113  70  70  91  91  72  72
91:   94  94  37  37  90  90  65  65
92:   93  93  43  43  99  99  83  83
93:   92  92  94  94 119 119  95  95
94:   91  91  93  93 113 113  96  96
95:   83  83  96  96  81  81  93  93
96:   65  65  95  95  63  63  94  94
97:  101 101  99  99  88  88  98  98
98:  102 102 100 100  73  73  97  97
99:  119 119  97  97  92  92 100 100
100:  117 117  98  98  77  77  99  99
101:   97  97 116 116  89  89 102 102
102:   98  98 109 109  74  74 101 101
103:  104 104  87  87 110 110 106 106
104:  103 103 105 105 112 112 107 107
105:   57  57 104 104  61  61 108 108
106:  107 107  86  86 109 109 103 103
107:  106 106 108 108 118 118 104 104
108:   75  75 107 107  79  79 105 105
109:  118 118 102 102 106 106 116 116
110:  112 112  85  85 103 103 114 114
111:   72  72 112 112  60  60 113 113
112:  110 110 111 111 104 104 115 115
113:   90  90 115 115  94  94 111 111
114:  115 115  84  84 116 116 110 110
115:  114 114 113 113 120 120 112 112
116:  120 120 101 101 114 114 109 109
117:  100 100 118 118  78  78 119 119
118:  109 109 117 117 107 107 120 120
119:   99  99 120 120  93  93 117 117
120:  116 116 119 119 115 115 118 118
