-0.966667
-0.95
-0.933333
-0.916667
-0.983333
-0.9
-0.75
-0.733333
-0.866667
-0.983333
-0.85
-0.716667
-0.75
-0.816667
-0.983333
-0.8
-0.733333
-0.716667
-0.766667
-0.983333
-0.883333
-0.966667
-0.7
-0.6
-0.9
-0.866667
-0.35
-0.45
-0.95
-0.883333
-0.533333
-0.516667
-0.533333
-0.833333
-0.95
-0.583333
-0.183333
-0.85
-0.816667
-0.166667
-0.483333
-0.933333
-0.833333
-0.466667
-0.65
-0.466667
-0.783333
-0.933333
-0.633333
-0.0333333
-0.8
-0.766667
-0.616667
-0.416667
-0.916667
-0.783333
-0.933333
-0.666667
-0.966667
-0.65
-0.916667
-0.6
-0.616667
-0.966667
-0.516667
-0.916667
-0.55
-0.95
-0.35
-0.683333
-0.9
-0.4
0.116667
-0.7
-0.666667
0.133333
-0.5
-0.75
-0.683333
-0.0833333
-0.8
-0.0833333
-0.633333
-0.75
-0.783333
-0.0166667
-0.65
-0.616667
-0.766667
0.0333333
-0.733333
-0.633333
-0.45
-0.733333
-0.366667
-0.9
-0.25
-0.166667
-0.566667
-0.85
-0.233333
0.266667
-0.583333
-0.55
-0.216667
-0.433333
-0.716667
-0.566667
-0.85
-0.333333
-0.866667
-0.25
-0.716667
-0.45
-0.216667
-0.866667
-0.666667
-0.483333
0.116667
-0.0666667
-0.816667
-0.5
-0.183333
-0.1
-0.1
-0.8
-0.15
-0.816667
-0.6
-0.516667
-0.266667
-0.883333
0.366667
-0.55
-0.416667
0.266667
0.0666667
-0.766667
-0.433333
-0.0333333
-0.3
0.133333
-0.383333
-0.7
-0.283333
0.516667
-0.4
-0.366667
-0.266667
0.0833333
-0.6
-0.383333
-0.7
-0.316667
-0.883333
-0.3
-0.2
-0.533333
-0.316667
0.216667
0.1
-0.35
-0.333333
0.466667
-0.4
0.466667
-0.283333
-0.35
-0.383333
0.533333
-0.3
-0.266667
-0.366667
0.383333
-0.45
-0.283333
-0.583333
0.216667
-0.233333
-0.533333
-0.566667
0.283333
-0.25
-0.216667
-0.55
0.333333
-0.516667
-0.233333
-0.333333
-0.183333
0.1
0.233333
-0.833333
-0.2
-0.483333
-0.116667
-0.116667
-0.583333
-0.133333
-0.833333
0.45
-0.05
-0.466667
-0.133333
0.433333
0.25
-0.166667
-0.15
-0.166667
0.233333
0.433333
-0.183333
-0.466667
-0.0666667
0.45
-0.483333
-0.0666667
-0.65
0.15
-0.666667
-0.0833333
-0.1
0.416667
-0.5
0.75
-0.15
-0.0333333
0.25
0.0166667
-0.783333
-0.05
-0.416667
0
-0.633333
0.2
0.0333333
-0.0166667
0.0166667
0.85
0.05
-0.0333333
0
0.75
0.0666667
0.05
-0.616667
0.0833333
-0.0166667
0.0333333
0.0666667
0.6
0
-0.416667
0.05
0.366667
0.0166667
0.6
-0.366667
0.0333333
0.516667
-0.316667
0.116667
-0.2
0.483333
-0.683333
0.1
-0.5
0.183333
0.183333
-0.4
0.166667
-0.683333
0.416667
0.2
-0.0833333
0.166667
0.4
0.5
0.133333
0.15
0.133333
0.483333
0.4
0.116667
0.85
0.15
-0.0166667
0.5
0.233333
-0.25
0.633333
-0.333333
0.216667
-0.116667
0.7
-0.2
0.8
-0.133333
0.266667
-0.05
0.316667
-0.566667
0.25
-0.433333
0.3
-0.233333
0.666667
0.333333
0.283333
0.316667
0.95
0.35
0.266667
0.3
0.8
0.366667
0.35
-0.216667
0.383333
0.283333
0.333333
0.366667
0.583333
0.3
-0.433333
0.35
0.0666667
0.316667
0.583333
-0.266667
0.333333
0.533333
0.166667
0.9
0.183333
0.416667
0.15
0.833333
-0.0666667
0.4
-0.133333
0.766667
-0.116667
0.45
-0.15
0.716667
-0.1
0.433333
0.483333
-0.3
0.616667
-0.316667
0.466667
0.183333
0.683333
0.1
0.883333
0.166667
0.516667
0.2
0.566667
-0.383333
0.5
0.0833333
0.55
-0.283333
0.65
0.383333
0.533333
0.566667
0.983333
0.583333
0.516667
0.55
0.883333
0.6
0.383333
0.6
0.35
0.55
0.0833333
0.583333
0.05
0.566667
0.683333
0.65
0.466667
0.633333
0.7
0.666667
0.216667
0.616667
0.983333
0.616667
0.533333
0.666667
0.95
0.633333
0.283333
0.65
0.616667
0.933333
0.483333
0.7
0.633333
0.816667
0.233333
0.683333
0.733333
0.45
0.833333
0.766667
0.716667
0.75
0.866667
0.783333
-0.05
0.733333
0.0166667
0.8
0.783333
0.433333
0.816667
0.716667
0.766667
0.8
0.966667
0.733333
0.25
0.783333
0.316667
0.75
0.966667
0.7
0.766667
0.933333
0.866667
0.416667
0.716667
0.9
0.2
0.866667
0
0.883333
0.833333
0.85
0.733333
0.916667
0.5
0.916667
0.566667
0.85
0.916667
0.4
0.933333
0.833333
0.9
0.883333
1
0.866667
1
0.683333
0.9
0.816667
0.666667
0.966667
0.3
0.983333
0.816667
0.95
0.783333
1
0.65
1
0.55
0.95
0.933333
0.983333
0.916667
0.966667
0.933333
0.983333
0.916667
0.966667
0
0.966667
0.916667
0.983333
0.933333
0.966667
0.916667
0.983333
0.933333
0.95
0.55
1
0.65
1
0.783333
0.95
0.816667
0.983333
0.3
0.966667
0.666667
0.816667
0.9
0.683333
1
0.866667
1
0.883333
0.9
0.833333
0.933333
0.4
0.916667
0.85
0.566667
0.916667
0.5
0.916667
0.733333
0.85
0.833333
0.883333
0
0.866667
0.2
0.9
0.716667
0.416667
0.866667
0.933333
0.766667
0.7
0.966667
0.75
0.316667
0.783333
0.25
0.733333
0.966667
0.8
0.766667
0.716667
0.816667
0.433333
0.783333
0.8
0.0166667
0.733333
-0.05
0.783333
0.866667
0.75
0.716667
0.766667
0.833333
0.45
0.733333
0.683333
0.233333
0.816667
0.633333
0.7
0.483333
0.933333
0.616667
0.65
0.283333
0.633333
0.95
0.666667
0.533333
0.616667
0.983333
0.616667
0.216667
0.666667
0.7
0.633333
0.466667
0.65
0.683333
0.566667
0.05
0.583333
0.0833333
0.55
0.35
0.6
0.383333
0.6
0.883333
0.55
0.516667
0.583333
0.983333
0.566667
0.533333
0.383333
0.65
-0.283333
0.55
0.0833333
0.5
-0.383333
0.566667
0.2
0.516667
0.166667
0.883333
0.1
0.683333
0.183333
0.466667
-0.316667
0.616667
-0.3
0.483333
0.433333
-0.1
0.716667
-0.15
0.45
-0.116667
0.766667
-0.133333
0.4
-0.0666667
0.833333
0.15
0.416667
0.183333
0.9
0.166667
0.533333
0.333333
-0.266667
0.583333
0.316667
0.0666667
0.35
-0.433333
0.3
0.583333
0.366667
0.333333
0.283333
0.383333
-0.216667
0.35
0.366667
0.8
0.3
0.266667
0.35
0.95
0.316667
0.283333
0.333333
0.666667
-0.233333
0.3
-0.433333
0.25
-0.566667
0.316667
-0.05
0.266667
-0.133333
0.8
-0.2
0.7
-0.116667
0.216667
-0.333333
0.633333
-0.25
0.233333
0.5
-0.0166667
0.15
0.85
0.116667
0.4
0.483333
0.133333
0.15
0.133333
0.5
0.4
0.166667
-0.0833333
0.2
0.416667
-0.683333
0.166667
-0.4
0.183333
0.183333
-0.5
0.1
-0.683333
0.483333
-0.2
0.116667
-0.316667
0.516667
0.0333333
-0.366667
0.6
0.0166667
0.366667
0.05
-0.416667
0
0.6
0.0666667
0.0333333
-0.0166667
0.0833333
-0.616667
0.05
0.0666667
0.75
0
-0.0333333
0.05
0.85
0.0166667
-0.0166667
0.0333333
0.2
-0.633333
0
-0.416667
-0.05
-0.783333
0.0166667
0.25
-0.0333333
-0.15
0.75
-0.5
0.416667
-0.1
-0.0833333
-0.666667
0.15
-0.65
-0.0666667
-0.483333
0.45
-0.0666667
-0.466667
-0.183333
0.433333
0.233333
-0.166667
-0.15
-0.166667
0.25
0.433333
-0.133333
-0.466667
-0.05
0.45
-0.833333
-0.133333
-0.583333
-0.116667
-0.116667
-0.483333
-0.2
-0.833333
0.233333
0.1
-0.183333
-0.333333
-0.233333
-0.516667
0.333333
-0.55
-0.216667
-0.25
0.283333
-0.566667
-0.533333
-0.233333
0.216667
-0.583333
-0.283333
-0.45
0.383333
-0.366667
-0.266667
-0.3
0.533333
-0.383333
-0.35
-0.283333
0.466667
-0.4
0.466667
-0.333333
-0.35
0.1
0.216667
-0.316667
-0.533333
-0.2
-0.3
-0.883333
-0.316667
-0.7
-0.383333
-0.6
0.0833333
-0.266667
-0.366667
-0.4
0.516667
-0.283333
-0.7
-0.383333
0.133333
-0.3
-0.0333333
-0.433333
-0.766667
0.0666667
0.266667
-0.416667
-0.55
0.366667
-0.883333
-0.266667
-0.516667
-0.6
-0.816667
-0.15
-0.8
-0.1
-0.1
-0.183333
-0.5
-0.816667
-0.0666667
0.116667
-0.483333
-0.666667
-0.866667
-0.216667
-0.45
-0.716667
-0.25
-0.866667
-0.333333
-0.85
-0.566667
-0.716667
-0.433333
-0.216667
-0.55
-0.583333
0.266667
-0.233333
-0.85
-0.566667
-0.166667
-0.25
-0.9
-0.366667
-0.733333
-0.45
-0.633333
-0.733333
0.0333333
-0.766667
-0.616667
-0.65
-0.0166667
-0.783333
-0.75
-0.633333
-0.0833333
-0.8
-0.0833333
-0.683333
-0.75
-0.5
0.133333
-0.666667
-0.7
0.116667
-0.4
-0.9
-0.683333
-0.35
-0.95
-0.55
-0.916667
-0.516667
-0.966667
-0.616667
-0.6
-0.916667
-0.65
-0.966667
-0.666667
-0.933333
-0.783333
-0.916667
-0.416667
-0.616667
-0.766667
-0.8
-0.0333333
-0.633333
-0.933333
-0.783333
-0.466667
-0.65
-0.466667
-0.833333
-0.933333
-0.483333
-0.166667
-0.816667
-0.85
-0.183333
-0.583333
-0.95
-0.833333
-0.533333
-0.516667
-0.533333
-0.883333
-0.95
-0.45
-0.35
-0.866667
-0.9
-0.6
-0.7
-0.966667
-0.883333
-0.983333
-0.766667
-0.716667
-0.733333
-0.8
-0.983333
-0.816667
-0.75
-0.716667
-0.85
-0.983333
-0.866667
-0.733333
-0.75
-0.9
-0.983333
-0.916667
-0.933333
-0.95
