-0.989583
-0.984375
-0.979167
-0.973958
-0.994792
-0.96875
-0.911458
-0.90625
-0.947917
-0.994792
-0.942708
-0.901042
-0.911458
-0.932292
-0.994792
-0.927083
-0.90625
-0.901042
-0.916667
-0.994792
-0.963542
-0.989583
-0.895833
-0.864583
-0.96875
-0.958333
-0.765625
-0.807292
-0.953125
-0.963542
-0.760417
-0.802083
-0.958333
-0.947917
-0.713542
-0.796875
-0.984375
-0.953125
-0.84375
-0.838542
-0.84375
-0.9375
-0.984375
-0.859375
-0.651042
-0.942708
-0.932292
-0.645833
-0.817708
-0.979167
-0.9375
-0.8125
-0.880208
-0.8125
-0.921875
-0.979167
-0.875
-0.59375
-0.927083
-0.916667
-0.869792
-0.786458
-0.973958
-0.921875
-0.979167
-0.885417
-0.989583
-0.880208
-0.973958
-0.864583
-0.869792
-0.989583
-0.838542
-0.973958
-0.848958
-0.984375
-0.765625
-0.890625
-0.96875
-0.78125
-0.515625
-0.895833
-0.885417
-0.510417
-0.833333
-0.911458
-0.890625
-0.619792
-0.927083
-0.619792
-0.875
-0.911458
-0.921875
-0.588542
-0.880208
-0.869792
-0.916667
-0.5625
-0.90625
-0.875
-0.807292
-0.90625
-0.770833
-0.96875
-0.682292
-0.645833
-0.854167
-0.942708
-0.677083
-0.458333
-0.859375
-0.848958
-0.671875
-0.791667
-0.901042
-0.854167
-0.942708
-0.708333
-0.947917
-0.682292
-0.901042
-0.796875
-0.671875
-0.947917
-0.885417
-0.828125
-0.515625
-0.614583
-0.822917
-0.833333
-0.395833
-0.609375
-0.828125
-0.817708
-0.359375
-0.604167
-0.932292
-0.822917
-0.651042
-0.625
-0.625
-0.927083
-0.640625
-0.932292
-0.864583
-0.802083
-0.734375
-0.963542
-0.796875
-0.807292
-0.71875
-0.958333
-0.802083
-0.838542
-0.6875
-0.953125
-0.40625
-0.848958
-0.786458
-0.458333
-0.541667
-0.916667
-0.791667
-0.59375
-0.744792
-0.510417
-0.776042
-0.895833
-0.739583
-0.286458
-0.78125
-0.770833
-0.734375
-0.536458
-0.864583
-0.776042
-0.895833
-0.75
-0.963542
-0.744792
-0.713542
-0.755208
-0.958333
-0.729167
-0.21875
-0.760417
-0.75
-0.213542
-0.53125
-0.765625
-0.755208
-0.3125
-0.78125
-0.3125
-0.739583
-0.765625
-0.776042
-0.28125
-0.744792
-0.734375
-0.770833
-0.317708
-0.807292
-0.739583
-0.697917
-0.213542
-0.723958
-0.760417
-0.692708
-0.161458
-0.729167
-0.71875
-0.6875
-0.322917
-0.802083
-0.723958
-0.760417
-0.703125
-0.953125
-0.697917
-0.666667
-0.84375
-0.703125
-0.484375
-0.234375
-0.713542
-0.708333
-0.1875
-0.729167
-0.1875
-0.692708
-0.713542
-0.723958
-0.15625
-0.697917
-0.6875
-0.71875
-0.401042
-0.796875
-0.692708
-0.859375
-0.484375
-0.677083
-0.84375
-0.854167
-0.453125
-0.682292
-0.671875
-0.848958
-0.427083
-0.838542
-0.677083
-0.708333
-0.661458
-0.234375
-0.479167
-0.65625
-0.666667
-0.0885417
-0.473958
-0.661458
-0.651042
-0.354167
-0.46875
-0.9375
-0.65625
-0.817708
-0.630208
-0.630208
-0.859375
-0.635417
-0.9375
-0.328125
-0.598958
-0.8125
-0.635417
-0.333333
-0.463542
-0.645833
-0.640625
-0.645833
-0.46875
-0.333333
-0.651042
-0.8125
-0.604167
-0.328125
-0.817708
-0.614583
-0.880208
-0.505208
-0.885417
-0.619792
-0.609375
-0.380208
-0.833333
-0.604167
-0.614583
-0.364583
-0.828125
-0.609375
-0.625
-0.338542
-0.822917
-0.015625
-0.640625
-0.59375
-0.463542
-0.567708
-0.921875
-0.598958
-0.786458
-0.583333
-0.875
-0.489583
-0.5625
-0.588542
-0.578125
0.0364583
-0.557292
-0.572917
-0.583333
0.0416667
-0.552083
-0.578125
-0.567708
0.078125
-0.546875
-0.59375
-0.572917
-0.015625
-0.541667
-0.557292
-0.869792
-0.536458
-0.588542
-0.5625
-0.552083
-0.239583
-0.583333
-0.546875
-0.557292
0.0729167
-0.578125
-0.552083
-0.541667
0.0989583
-0.572917
-0.786458
-0.546875
-0.40625
-0.567708
-0.239583
-0.770833
-0.5625
-0.286458
-0.75
-0.526042
-0.21875
-0.307292
-0.520833
-0.53125
0.114583
-0.302083
-0.526042
-0.515625
-0.390625
-0.296875
-0.890625
-0.520833
-0.833333
-0.494792
-0.494792
-0.78125
-0.5
-0.890625
-0.380208
-0.489583
-0.619792
-0.5
-0.385417
-0.291667
-0.510417
-0.505208
-0.510417
-0.296875
-0.385417
-0.515625
0.0364583
-0.505208
-0.588542
-0.291667
-0.479167
-0.682292
-0.104167
-0.708333
-0.484375
-0.473958
-0.0729167
-0.666667
-0.46875
-0.479167
-0.0572917
-0.661458
-0.473958
-0.630208
-0.0416667
-0.65625
0.0104167
-0.635417
-0.458333
-0.598958
-0.432292
-0.854167
-0.463542
-0.791667
-0.447917
-0.677083
-0.09375
-0.427083
-0.453125
-0.442708
0.213542
-0.421875
-0.4375
-0.447917
0.21875
-0.416667
-0.442708
-0.432292
0.255208
-0.411458
-0.458333
-0.4375
0.0104167
-0.40625
-0.421875
-0.671875
-0.401042
-0.453125
-0.427083
-0.416667
-0.130208
-0.447917
-0.411458
-0.421875
0.25
-0.442708
-0.416667
-0.40625
0.109375
-0.4375
-0.791667
-0.411458
-0.541667
-0.432292
-0.130208
-0.6875
-0.427083
-0.15625
-0.359375
-0.390625
-0.828125
-0.375
0.114583
-0.395833
-0.520833
0.151042
-0.5
0.177083
-0.494792
-0.380208
-0.505208
0.03125
-0.614583
-0.385417
-0.348958
0.151042
-0.369792
-0.395833
-0.34375
0.296875
-0.375
-0.364583
-0.338542
0.0260417
-0.609375
-0.369792
-0.395833
-0.354167
-0.822917
-0.348958
-0.0885417
-0.359375
-0.65625
-0.0520833
-0.375
-0.0520833
-0.34375
-0.359375
-0.369792
0.302083
-0.348958
-0.338542
-0.364583
0.0208333
-0.604167
-0.34375
-0.635417
-0.0104167
-0.630208
-0.328125
-0.640625
-0.0364583
-0.625
-0.333333
-0.114583
-0.71875
-0.317708
-0.161458
-0.255208
-0.734375
-0.322917
-0.28125
-0.307292
-0.744792
-0.208333
-0.75
-0.3125
-0.302083
0.130208
-0.53125
-0.296875
-0.307292
0.145833
-0.526042
-0.302083
-0.494792
0.161458
-0.520833
0.0572917
-0.5
-0.286458
-0.489583
-0.260417
-0.776042
-0.291667
-0.536458
-0.276042
-0.739583
-0.192708
-0.317708
-0.28125
-0.270833
0.364583
-0.255208
-0.265625
-0.276042
0.369792
-0.25
-0.270833
-0.260417
0.40625
-0.244792
-0.286458
-0.265625
0.0572917
-0.239583
-0.317708
-0.25
-0.114583
-0.276042
-0.244792
-0.255208
0.401042
-0.270833
-0.25
-0.239583
0.104167
-0.265625
-0.536458
-0.244792
-0.557292
-0.260417
-0.703125
-0.229167
-0.666667
-0.182292
-0.223958
-0.234375
-0.0833333
-0.177083
-0.229167
-0.21875
0.119792
-0.171875
-0.755208
-0.223958
-0.53125
-0.197917
-0.197917
-0.729167
-0.203125
-0.755208
0.130208
-0.192708
-0.3125
-0.203125
0.125
-0.166667
-0.213542
-0.208333
-0.213542
-0.171875
0.125
-0.21875
0.364583
-0.208333
-0.28125
-0.166667
-0.182292
-0.697917
-0.109375
-0.703125
-0.1875
-0.177083
-0.078125
-0.234375
-0.171875
-0.182292
0.4375
-0.229167
-0.177083
-0.197917
0.447917
-0.223958
0.385417
-0.203125
-0.161458
-0.192708
-0.135417
-0.723958
-0.166667
-0.322917
-0.151042
-0.692708
-0.0989583
-0.401042
-0.15625
-0.145833
0.234375
-0.130208
-0.140625
-0.151042
0.5
-0.125
-0.145833
-0.135417
0.526042
-0.119792
-0.161458
-0.140625
0.385417
-0.114583
-0.401042
-0.125
-0.421875
-0.151042
-0.119792
-0.130208
0.276042
-0.145833
-0.125
-0.114583
0.427083
-0.140625
-0.322917
-0.119792
-0.255208
-0.135417
-0.078125
-0.0989583
-0.1875
-0.104167
-0.0729167
-0.09375
-0.484375
-0.109375
0.234375
-0.109375
-0.15625
-0.09375
0.213542
-0.104167
-0.453125
-0.0989583
-0.354167
-0.0833333
-0.661458
-0.0677083
0.119792
-0.0885417
-0.229167
0.28125
-0.109375
0.494792
-0.182292
-0.0729167
-0.104167
0.208333
-0.479167
-0.078125
-0.0520833
0.28125
-0.0625
-0.0885417
-0.046875
0.572917
-0.0677083
-0.0572917
-0.0416667
0.203125
-0.473958
-0.0625
-0.0677083
-0.348958
-0.046875
-0.354167
-0.0625
0.348958
-0.0520833
-0.0416667
-0.0572917
0.015625
-0.46875
-0.046875
-0.03125
-0.328125
0.0208333
-0.0104167
-0.0364583
-0.0260417
0.328125
-0.00520833
-0.0208333
-0.03125
0.619792
0
-0.0260417
-0.015625
0.0833333
0.00520833
-0.598958
-0.0208333
-0.567708
0.0104167
-0.00520833
-0.333333
0.015625
-0.0364583
-0.0104167
0
0.598958
-0.03125
0.00520833
-0.00520833
0.640625
-0.0260417
0
0.0104167
0.260417
-0.0208333
-0.463542
0.00520833
-0.432292
-0.015625
0.598958
-0.0416667
-0.0104167
0.348958
0.328125
-0.338542
-0.0364583
0.302083
0.34375
-0.364583
0.03125
0.296875
0.166667
-0.380208
0.0260417
0.177083
-0.489583
0.0520833
-0.583333
0.0572917
0.078125
0.046875
-0.578125
0.0625
0.666667
0.0416667
0.0520833
0.671875
0.171875
0.0364583
0.046875
0.192708
-0.291667
0.192708
-0.260417
0.0364583
0.0885417
0.671875
0.0677083
0.0416667
0.09375
0.421875
0.0625
0.0729167
0.0989583
0.104167
-0.552083
0.0677083
0.0416667
0.0833333
-0.572917
0.0885417
0.619792
0.078125
-0.0208333
0.645833
0.0625
0.645833
0.09375
0.078125
0.0677083
0.270833
0.0885417
0.0989583
0.0729167
0.109375
-0.546875
0.09375
0.401042
0.0729167
-0.244792
0.421875
0.25
0.0989583
-0.411458
0.270833
-0.390625
0.119792
-0.526042
0.135417
-0.0833333
0.114583
-0.223958
0.286458
-0.203125
0.463542
-0.197917
0.130208
-0.208333
0.359375
-0.307292
0.125
0.151042
0.286458
0.140625
0.114583
0.15625
0.703125
0.135417
0.145833
0.161458
0.354167
-0.302083
0.140625
0.135417
-0.375
0.15625
-0.390625
0.140625
0.291667
0.151042
0.161458
0.145833
0.197917
-0.296875
0.15625
0.03125
0.171875
0.34375
0.182292
0.0520833
0.166667
0.666667
0.1875
0.182292
-0.385417
0.197917
0.03125
0.177083
0.1875
0.729167
0.166667
0.192708
0.182292
0.755208
0.171875
0.1875
0.0572917
0.411458
0.0520833
0.729167
0.161458
0.177083
0.291667
0.614583
-0.0572917
0.208333
0.572917
0.557292
-0.0729167
0.203125
0.494792
-0.09375
0.229167
-0.447917
0.234375
0.255208
0.223958
-0.442708
0.239583
0.770833
0.21875
0.229167
0.776042
0.5625
0.213542
0.223958
0.510417
-0.0989583
0.510417
-0.151042
0.213542
0.265625
0.776042
0.244792
0.21875
0.270833
0.520833
0.239583
0.25
0.109375
0.276042
-0.416667
0.244792
0.21875
0.260417
-0.4375
0.265625
0.640625
0.255208
0.00520833
0.651042
0.239583
0.651042
0.270833
0.255208
0.244792
0.09375
0.265625
0.109375
0.427083
0.25
-0.125
0.520833
0.286458
-0.0677083
0.432292
-0.0833333
0.28125
0.135417
0.442708
0.119792
0.708333
0.15625
0.296875
0.197917
0.322917
-0.369792
0.291667
0.0260417
0.307292
-0.34375
0.348958
0.0208333
0.302083
0.3125
0.578125
0.328125
0.317708
0.307292
0.802083
0.333333
0.3125
0.322917
0.817708
0.338542
0.296875
0.317708
0.708333
0.34375
0.0208333
0.333333
-0.03125
0.307292
0.338542
0.328125
0.625
0.3125
0.333333
0.34375
0.661458
0.317708
0.0260417
0.338542
0.166667
0.322917
0.578125
-0.046875
0.302083
0.015625
0.744792
0.145833
0.359375
0.703125
0.453125
0.130208
0.354167
0.463542
-0.192708
0.380208
-0.276042
0.385417
0.40625
0.375
-0.270833
0.390625
0.838542
0.369792
0.380208
0.84375
0.458333
0.364583
0.375
0.479167
-0.166667
0.479167
-0.135417
0.364583
0.416667
0.84375
0.395833
0.369792
0.421875
0.541667
0.390625
0.401042
0.104167
0.427083
-0.25
0.395833
0.369792
0.411458
-0.265625
0.416667
0.755208
0.40625
0.192708
0.677083
0.390625
0.677083
0.421875
0.40625
0.395833
0.0677083
0.416667
0.104167
0.276042
0.401042
-0.119792
0.541667
0.442708
0.567708
0.28125
0.4375
0.447917
0.489583
-0.177083
0.432292
0.432292
0.697917
0.286458
0.447917
0.4375
0.484375
-0.171875
0.442708
0.359375
0.458333
0.744792
0.46875
0.380208
0.453125
0.838542
0.473958
0.46875
0.125
0.484375
0.359375
0.463542
0.473958
0.890625
0.453125
0.479167
0.46875
0.916667
0.458333
0.473958
0.385417
0.53125
0.380208
0.890625
0.447917
0.463542
0.697917
0.90625
0.4375
0.494792
0.567708
0.546875
-0.078125
0.489583
0.208333
0.526042
0.505208
-0.145833
0.515625
0.932292
0.5
0.510417
0.78125
0.552083
0.234375
0.505208
0.229167
0.536458
0.78125
0.520833
0.5
0.541667
0.244792
0.515625
0.276042
0.5
0.53125
-0.140625
0.536458
0.916667
0.526042
0.479167
0.848958
0.515625
0.848958
0.541667
0.526042
0.520833
0.395833
0.536458
0.427083
0.494792
0.552083
0.90625
0.557292
0.510417
0.546875
0.932292
0.5625
0.208333
0.5625
0.614583
0.546875
0.229167
0.557292
0.770833
0.552083
0.885417
0.432292
0.572917
0.489583
0.59375
-0.0625
0.567708
0.203125
0.348958
0.583333
0.307292
0.598958
0.588542
0.578125
0.807292
0.604167
0.583333
0.59375
0.958333
0.609375
0.572917
0.588542
0.885417
0.614583
0.015625
0.604167
-0.00520833
0.578125
0.609375
0.598958
0.65625
0.583333
0.604167
0.614583
0.765625
0.588542
0.203125
0.609375
0.557292
0.59375
0.0833333
0.625
-0.0260417
0.630208
0.661458
0.619792
0.333333
0.6875
0.645833
0.6875
0.635417
0.619792
0.651042
0.791667
0.630208
0.640625
0.260417
0.65625
0
0.635417
0.630208
0.0885417
0.651042
0.0833333
0.635417
0.265625
0.645833
0.260417
0.765625
0.640625
0.604167
0.791667
0.625
0.666667
0.338542
0.692708
0.046875
0.661458
0.171875
0.682292
0.682292
0.0625
0.677083
0.046875
0.75
0.416667
0.671875
0.411458
0.671875
0.692708
0.75
0.666667
0.692708
0.630208
0.8125
0.625
0.6875
0.682292
0.828125
0.661458
0.869792
0.442708
0.703125
0.484375
0.723958
0.140625
0.697917
0.354167
0.291667
0.713542
0.322917
0.729167
0.71875
0.708333
0.822917
0.734375
0.713542
0.723958
0.979167
0.739583
0.703125
0.71875
0.869792
0.744792
0.197917
0.734375
0.182292
0.708333
0.739583
0.729167
0.760417
0.713542
0.734375
0.744792
0.833333
0.71875
0.354167
0.739583
0.453125
0.723958
0.677083
0.859375
0.682292
0.755208
0.411458
0.760417
0.1875
0.75
0.833333
0.755208
0.734375
0.859375
0.65625
0.770833
0.609375
0.796875
0.223958
0.765625
0.5625
0.786458
0.786458
0.239583
0.78125
0.223958
0.9375
0.515625
0.776042
0.505208
0.776042
0.796875
0.9375
0.770833
0.796875
0.635417
0.953125
0.65625
0.791667
0.786458
0.96875
0.765625
0.817708
0.807292
0.3125
0.8125
0.958333
0.802083
0.583333
0.953125
0.828125
0.953125
0.6875
0.802083
0.802083
0.822917
0.317708
0.828125
0.979167
0.817708
0.713542
0.973958
0.8125
0.973958
0.692708
0.817708
0.760417
0.838542
0.739583
0.864583
0.375
0.833333
0.458333
0.854167
0.854167
0.390625
0.848958
0.375
0.911458
0.536458
0.84375
0.53125
0.84375
0.864583
0.911458
0.838542
0.864583
0.75
0.973958
0.760417
0.859375
0.854167
0.989583
0.833333
0.697917
0.875
0.723958
0.890625
0.880208
0.869792
0.984375
0.895833
0.875
0.885417
0.963542
0.901042
0.567708
0.880208
0.59375
0.90625
0.484375
0.895833
0.46875
0.869792
0.901042
0.890625
0.921875
0.875
0.895833
0.90625
0.927083
0.880208
0.489583
0.901042
0.546875
0.885417
0.848958
0.942708
0.854167
0.916667
0.53125
0.921875
0.473958
0.911458
0.927083
0.916667
0.895833
0.942708
0.921875
0.932292
0.901042
0.947917
0.505208
0.927083
0.552083
0.9375
0.78125
0.947917
0.786458
0.932292
0.947917
0.911458
1
0.921875
0.942708
0.9375
0.994792
0.927083
0.96875
0.8125
0.791667
0.807292
0.807292
0.963542
0.588542
0.96875
0.984375
0.958333
0.880208
0.994792
0.953125
0.994792
0.796875
0.958333
0.989583
0.828125
0.859375
0.822917
0.822917
0.984375
0.71875
0.989583
0.963542
0.979167
0.875
1
0.973958
1
0.864583
0.979167
1
0.96875
0.947917
0.963542
0.994792
0.989583
0.942708
0.984375
0.994792
0.989583
0.942708
0.984375
0
0.984375
0.942708
0.989583
0.994792
0.984375
0.942708
0.989583
0.994792
0.963542
0.947917
0.96875
1
0.979167
0.864583
1
0.973958
1
0.875
0.979167
0.963542
0.989583
0.71875
0.984375
0.822917
0.822917
0.859375
0.828125
0.989583
0.958333
0.796875
0.994792
0.953125
0.994792
0.880208
0.958333
0.984375
0.96875
0.588542
0.963542
0.807292
0.807292
0.791667
0.8125
0.96875
0.927083
0.994792
0.9375
0.942708
0.921875
1
0.911458
0.947917
0.932292
0.786458
0.947917
0.78125
0.9375
0.552083
0.927083
0.505208
0.947917
0.901042
0.932292
0.921875
0.942708
0.895833
0.916667
0.927083
0.911458
0.473958
0.921875
0.53125
0.916667
0.854167
0.942708
0.848958
0.885417
0.546875
0.901042
0.489583
0.880208
0.927083
0.90625
0.895833
0.875
0.921875
0.890625
0.901042
0.869792
0.46875
0.895833
0.484375
0.90625
0.59375
0.880208
0.567708
0.901042
0.963542
0.885417
0.875
0.895833
0.984375
0.869792
0.880208
0.890625
0.723958
0.875
0.697917
0.833333
0.989583
0.854167
0.859375
0.760417
0.973958
0.75
0.864583
0.838542
0.911458
0.864583
0.84375
0.53125
0.84375
0.536458
0.911458
0.375
0.848958
0.390625
0.854167
0.854167
0.458333
0.833333
0.375
0.864583
0.739583
0.838542
0.760417
0.817708
0.692708
0.973958
0.8125
0.973958
0.713542
0.817708
0.979167
0.828125
0.317708
0.822917
0.802083
0.802083
0.6875
0.953125
0.828125
0.953125
0.583333
0.802083
0.958333
0.8125
0.3125
0.807292
0.817708
0.765625
0.96875
0.786458
0.791667
0.65625
0.953125
0.635417
0.796875
0.770833
0.9375
0.796875
0.776042
0.505208
0.776042
0.515625
0.9375
0.223958
0.78125
0.239583
0.786458
0.786458
0.5625
0.765625
0.223958
0.796875
0.609375
0.770833
0.65625
0.859375
0.734375
0.755208
0.833333
0.75
0.1875
0.760417
0.411458
0.755208
0.682292
0.859375
0.677083
0.723958
0.453125
0.739583
0.354167
0.71875
0.833333
0.744792
0.734375
0.713542
0.760417
0.729167
0.739583
0.708333
0.182292
0.734375
0.197917
0.744792
0.869792
0.71875
0.703125
0.739583
0.979167
0.723958
0.713542
0.734375
0.822917
0.708333
0.71875
0.729167
0.322917
0.713542
0.291667
0.354167
0.697917
0.140625
0.723958
0.484375
0.703125
0.442708
0.869792
0.661458
0.828125
0.682292
0.6875
0.625
0.8125
0.630208
0.692708
0.666667
0.75
0.692708
0.671875
0.411458
0.671875
0.416667
0.75
0.046875
0.677083
0.0625
0.682292
0.682292
0.171875
0.661458
0.046875
0.692708
0.338542
0.666667
0.625
0.791667
0.604167
0.640625
0.765625
0.260417
0.645833
0.265625
0.635417
0.0833333
0.651042
0.0885417
0.630208
0.635417
0
0.65625
0.260417
0.640625
0.630208
0.791667
0.651042
0.619792
0.635417
0.6875
0.645833
0.6875
0.333333
0.619792
0.661458
0.630208
-0.0260417
0.625
0.0833333
0.59375
0.557292
0.609375
0.203125
0.588542
0.765625
0.614583
0.604167
0.583333
0.65625
0.598958
0.609375
0.578125
-0.00520833
0.604167
0.015625
0.614583
0.885417
0.588542
0.572917
0.609375
0.958333
0.59375
0.583333
0.604167
0.807292
0.578125
0.588542
0.598958
0.307292
0.583333
0.348958
0.203125
0.567708
-0.0625
0.59375
0.489583
0.572917
0.432292
0.885417
0.552083
0.770833
0.557292
0.229167
0.546875
0.614583
0.5625
0.208333
0.5625
0.932292
0.546875
0.510417
0.557292
0.90625
0.552083
0.494792
0.427083
0.536458
0.395833
0.520833
0.526042
0.541667
0.848958
0.515625
0.848958
0.479167
0.526042
0.916667
0.536458
-0.140625
0.53125
0.5
0.276042
0.515625
0.244792
0.541667
0.5
0.520833
0.78125
0.536458
0.229167
0.505208
0.234375
0.552083
0.78125
0.510417
0.5
0.932292
0.515625
-0.145833
0.505208
0.526042
0.208333
0.489583
-0.078125
0.546875
0.567708
0.494792
0.4375
0.90625
0.697917
0.463542
0.447917
0.890625
0.380208
0.53125
0.385417
0.473958
0.458333
0.916667
0.46875
0.479167
0.453125
0.890625
0.473958
0.463542
0.359375
0.484375
0.125
0.46875
0.473958
0.838542
0.453125
0.380208
0.46875
0.744792
0.458333
0.359375
0.442708
-0.171875
0.484375
0.4375
0.447917
0.286458
0.697917
0.432292
0.432292
-0.177083
0.489583
0.447917
0.4375
0.28125
0.567708
0.442708
0.541667
-0.119792
0.401042
0.276042
0.104167
0.416667
0.0677083
0.395833
0.40625
0.421875
0.677083
0.390625
0.677083
0.192708
0.40625
0.755208
0.416667
-0.265625
0.411458
0.369792
0.395833
-0.25
0.427083
0.104167
0.401042
0.390625
0.541667
0.421875
0.369792
0.395833
0.84375
0.416667
0.364583
-0.135417
0.479167
-0.166667
0.479167
0.375
0.364583
0.458333
0.84375
0.380208
0.369792
0.838542
0.390625
-0.270833
0.375
0.40625
0.385417
-0.276042
0.380208
-0.192708
0.463542
0.354167
0.130208
0.453125
0.703125
0.359375
0.145833
0.744792
0.015625
0.302083
-0.046875
0.578125
0.322917
0.166667
0.338542
0.0260417
0.317708
0.661458
0.34375
0.333333
0.3125
0.625
0.328125
0.338542
0.307292
-0.03125
0.333333
0.0208333
0.34375
0.708333
0.317708
0.296875
0.338542
0.817708
0.322917
0.3125
0.333333
0.802083
0.307292
0.317708
0.328125
0.578125
0.3125
0.302083
0.0208333
0.348958
-0.34375
0.307292
0.0260417
0.291667
-0.369792
0.322917
0.197917
0.296875
0.15625
0.708333
0.119792
0.442708
0.135417
0.28125
-0.0833333
0.432292
-0.0677083
0.286458
0.520833
-0.125
0.25
0.427083
0.109375
0.265625
0.09375
0.244792
0.255208
0.270833
0.651042
0.239583
0.651042
0.00520833
0.255208
0.640625
0.265625
-0.4375
0.260417
0.21875
0.244792
-0.416667
0.276042
0.109375
0.25
0.239583
0.520833
0.270833
0.21875
0.244792
0.776042
0.265625
0.213542
-0.151042
0.510417
-0.0989583
0.510417
0.223958
0.213542
0.5625
0.776042
0.229167
0.21875
0.770833
0.239583
-0.442708
0.223958
0.255208
0.234375
-0.447917
0.229167
-0.09375
0.494792
0.203125
-0.0729167
0.557292
0.572917
0.208333
-0.0572917
0.614583
0.291667
0.177083
0.161458
0.729167
0.0520833
0.411458
0.0572917
0.1875
0.171875
0.755208
0.182292
0.192708
0.166667
0.729167
0.1875
0.177083
0.03125
0.197917
-0.385417
0.182292
0.1875
0.666667
0.166667
0.0520833
0.182292
0.34375
0.171875
0.03125
0.15625
-0.296875
0.197917
0.145833
0.161458
0.151042
0.291667
0.140625
-0.390625
0.15625
-0.375
0.135417
0.140625
-0.302083
0.354167
0.161458
0.145833
0.135417
0.703125
0.15625
0.114583
0.140625
0.286458
0.151042
0.125
-0.307292
0.359375
-0.208333
0.130208
-0.197917
0.463542
-0.203125
0.286458
-0.223958
0.114583
-0.0833333
0.135417
-0.526042
0.119792
-0.390625
0.270833
-0.411458
0.0989583
0.25
0.421875
-0.244792
0.0729167
0.401042
0.09375
-0.546875
0.109375
0.0729167
0.0989583
0.0885417
0.270833
0.0677083
0.078125
0.09375
0.645833
0.0625
0.645833
-0.0208333
0.078125
0.619792
0.0885417
-0.572917
0.0833333
0.0416667
0.0677083
-0.552083
0.104167
0.0989583
0.0729167
0.0625
0.421875
0.09375
0.0416667
0.0677083
0.671875
0.0885417
0.0364583
-0.260417
0.192708
-0.291667
0.192708
0.046875
0.0364583
0.171875
0.671875
0.0520833
0.0416667
0.666667
0.0625
-0.578125
0.046875
0.078125
0.0572917
-0.583333
0.0520833
-0.489583
0.177083
0.0260417
-0.380208
0.166667
0.296875
0.03125
-0.364583
0.34375
0.302083
-0.0364583
-0.338542
0.328125
0.348958
-0.0104167
-0.0416667
0.598958
-0.015625
-0.432292
0.00520833
-0.463542
-0.0208333
0.260417
0.0104167
0
-0.0260417
0.640625
-0.00520833
0.00520833
-0.03125
0.598958
0
-0.0104167
-0.0364583
0.015625
-0.333333
-0.00520833
0.0104167
-0.567708
-0.0208333
-0.598958
0.00520833
0.0833333
-0.015625
-0.0260417
0
0.619792
-0.03125
-0.0208333
-0.00520833
0.328125
-0.0260417
-0.0364583
-0.0104167
0.0208333
-0.328125
-0.03125
-0.046875
-0.46875
0.015625
-0.0572917
-0.0416667
-0.0520833
0.348958
-0.0625
-0.354167
-0.046875
-0.348958
-0.0677083
-0.0625
-0.473958
0.203125
-0.0416667
-0.0572917
-0.0677083
0.572917
-0.046875
-0.0885417
-0.0625
0.28125
-0.0520833
-0.078125
-0.479167
0.208333
-0.104167
-0.0729167
-0.182292
0.494792
-0.109375
0.28125
-0.229167
-0.0885417
0.119792
-0.0677083
-0.661458
-0.0833333
-0.354167
-0.0989583
-0.453125
-0.104167
0.213542
-0.09375
-0.15625
-0.109375
0.234375
-0.109375
-0.484375
-0.09375
-0.0729167
-0.104167
-0.1875
-0.0989583
-0.078125
-0.135417
-0.255208
-0.119792
-0.322917
-0.140625
0.427083
-0.114583
-0.125
-0.145833
0.276042
-0.130208
-0.119792
-0.151042
-0.421875
-0.125
-0.401042
-0.114583
0.385417
-0.140625
-0.161458
-0.119792
0.526042
-0.135417
-0.145833
-0.125
0.5
-0.151042
-0.140625
-0.130208
0.234375
-0.145833
-0.15625
-0.401042
-0.0989583
-0.692708
-0.151042
-0.322917
-0.166667
-0.723958
-0.135417
-0.192708
-0.161458
-0.203125
0.385417
-0.223958
0.447917
-0.197917
-0.177083
-0.229167
0.4375
-0.182292
-0.171875
-0.234375
-0.078125
-0.177083
-0.1875
-0.703125
-0.109375
-0.697917
-0.182292
-0.166667
-0.28125
-0.208333
0.364583
-0.21875
0.125
-0.171875
-0.213542
-0.208333
-0.213542
-0.166667
0.125
-0.203125
-0.3125
-0.192708
0.130208
-0.755208
-0.203125
-0.729167
-0.197917
-0.197917
-0.53125
-0.223958
-0.755208
-0.171875
0.119792
-0.21875
-0.229167
-0.177083
-0.0833333
-0.234375
-0.223958
-0.182292
-0.666667
-0.229167
-0.703125
-0.260417
-0.557292
-0.244792
-0.536458
-0.265625
0.104167
-0.239583
-0.25
-0.270833
0.401042
-0.255208
-0.244792
-0.276042
-0.114583
-0.25
-0.317708
-0.239583
0.0572917
-0.265625
-0.286458
-0.244792
0.40625
-0.260417
-0.270833
-0.25
0.369792
-0.276042
-0.265625
-0.255208
0.364583
-0.270833
-0.28125
-0.317708
-0.192708
-0.739583
-0.276042
-0.536458
-0.291667
-0.776042
-0.260417
-0.489583
-0.286458
-0.5
0.0572917
-0.520833
0.161458
-0.494792
-0.302083
-0.526042
0.145833
-0.307292
-0.296875
-0.53125
0.130208
-0.302083
-0.3125
-0.75
-0.208333
-0.744792
-0.307292
-0.28125
-0.322917
-0.734375
-0.255208
-0.161458
-0.317708
-0.71875
-0.114583
-0.333333
-0.625
-0.0364583
-0.640625
-0.328125
-0.630208
-0.0104167
-0.635417
-0.34375
-0.604167
0.0208333
-0.364583
-0.338542
-0.348958
0.302083
-0.369792
-0.359375
-0.34375
-0.0520833
-0.375
-0.0520833
-0.65625
-0.359375
-0.0885417
-0.348958
-0.822917
-0.354167
-0.395833
-0.369792
-0.609375
0.0260417
-0.338542
-0.364583
-0.375
0.296875
-0.34375
-0.395833
-0.369792
0.151042
-0.348958
-0.385417
-0.614583
0.03125
-0.505208
-0.380208
-0.494792
0.177083
-0.5
0.151042
-0.520833
-0.395833
0.114583
-0.375
-0.828125
-0.390625
-0.359375
-0.15625
-0.427083
-0.6875
-0.130208
-0.432292
-0.541667
-0.411458
-0.791667
-0.4375
0.109375
-0.40625
-0.416667
-0.442708
0.25
-0.421875
-0.411458
-0.447917
-0.130208
-0.416667
-0.427083
-0.453125
-0.401042
-0.671875
-0.421875
-0.40625
0.0104167
-0.4375
-0.458333
-0.411458
0.255208
-0.432292
-0.442708
-0.416667
0.21875
-0.447917
-0.4375
-0.421875
0.213542
-0.442708
-0.453125
-0.427083
-0.09375
-0.677083
-0.447917
-0.791667
-0.463542
-0.854167
-0.432292
-0.598958
-0.458333
-0.635417
0.0104167
-0.65625
-0.0416667
-0.630208
-0.473958
-0.661458
-0.0572917
-0.479167
-0.46875
-0.666667
-0.0729167
-0.473958
-0.484375
-0.708333
-0.104167
-0.682292
-0.479167
-0.291667
-0.588542
-0.505208
0.0364583
-0.515625
-0.385417
-0.296875
-0.510417
-0.505208
-0.510417
-0.291667
-0.385417
-0.5
-0.619792
-0.489583
-0.380208
-0.890625
-0.5
-0.78125
-0.494792
-0.494792
-0.833333
-0.520833
-0.890625
-0.296875
-0.390625
-0.515625
-0.526042
-0.302083
0.114583
-0.53125
-0.520833
-0.307292
-0.21875
-0.526042
-0.75
-0.286458
-0.5625
-0.770833
-0.239583
-0.567708
-0.40625
-0.546875
-0.786458
-0.572917
0.0989583
-0.541667
-0.552083
-0.578125
0.0729167
-0.557292
-0.546875
-0.583333
-0.239583
-0.552083
-0.5625
-0.588542
-0.536458
-0.869792
-0.557292
-0.541667
-0.015625
-0.572917
-0.59375
-0.546875
0.078125
-0.567708
-0.578125
-0.552083
0.0416667
-0.583333
-0.572917
-0.557292
0.0364583
-0.578125
-0.588542
-0.5625
-0.489583
-0.875
-0.583333
-0.786458
-0.598958
-0.921875
-0.567708
-0.463542
-0.59375
-0.640625
-0.015625
-0.822917
-0.338542
-0.625
-0.609375
-0.828125
-0.364583
-0.614583
-0.604167
-0.833333
-0.380208
-0.609375
-0.619792
-0.885417
-0.505208
-0.880208
-0.614583
-0.817708
-0.328125
-0.604167
-0.8125
-0.651042
-0.333333
-0.46875
-0.645833
-0.640625
-0.645833
-0.463542
-0.333333
-0.635417
-0.8125
-0.598958
-0.328125
-0.9375
-0.635417
-0.859375
-0.630208
-0.630208
-0.817708
-0.65625
-0.9375
-0.46875
-0.354167
-0.651042
-0.661458
-0.473958
-0.0885417
-0.666667
-0.65625
-0.479167
-0.234375
-0.661458
-0.708333
-0.677083
-0.838542
-0.427083
-0.848958
-0.671875
-0.682292
-0.453125
-0.854167
-0.84375
-0.677083
-0.484375
-0.859375
-0.692708
-0.796875
-0.401042
-0.71875
-0.6875
-0.697917
-0.15625
-0.723958
-0.713542
-0.692708
-0.1875
-0.729167
-0.1875
-0.708333
-0.713542
-0.234375
-0.484375
-0.703125
-0.84375
-0.666667
-0.697917
-0.953125
-0.703125
-0.760417
-0.723958
-0.802083
-0.322917
-0.6875
-0.71875
-0.729167
-0.161458
-0.692708
-0.760417
-0.723958
-0.213542
-0.697917
-0.739583
-0.807292
-0.317708
-0.770833
-0.734375
-0.744792
-0.28125
-0.776042
-0.765625
-0.739583
-0.3125
-0.78125
-0.3125
-0.755208
-0.765625
-0.53125
-0.213542
-0.75
-0.760417
-0.21875
-0.729167
-0.958333
-0.755208
-0.713542
-0.744792
-0.963542
-0.75
-0.895833
-0.776042
-0.864583
-0.536458
-0.734375
-0.770833
-0.78125
-0.286458
-0.739583
-0.895833
-0.776042
-0.510417
-0.744792
-0.59375
-0.791667
-0.916667
-0.541667
-0.458333
-0.786458
-0.848958
-0.40625
-0.953125
-0.6875
-0.838542
-0.802083
-0.958333
-0.71875
-0.807292
-0.796875
-0.963542
-0.734375
-0.802083
-0.864583
-0.932292
-0.640625
-0.927083
-0.625
-0.625
-0.651042
-0.822917
-0.932292
-0.604167
-0.359375
-0.817708
-0.828125
-0.609375
-0.395833
-0.833333
-0.822917
-0.614583
-0.515625
-0.828125
-0.885417
-0.947917
-0.671875
-0.796875
-0.901042
-0.682292
-0.947917
-0.708333
-0.942708
-0.854167
-0.901042
-0.791667
-0.671875
-0.848958
-0.859375
-0.458333
-0.677083
-0.942708
-0.854167
-0.645833
-0.682292
-0.96875
-0.770833
-0.90625
-0.807292
-0.875
-0.90625
-0.5625
-0.916667
-0.869792
-0.880208
-0.588542
-0.921875
-0.911458
-0.875
-0.619792
-0.927083
-0.619792
-0.890625
-0.911458
-0.833333
-0.510417
-0.885417
-0.895833
-0.515625
-0.78125
-0.96875
-0.890625
-0.765625
-0.984375
-0.848958
-0.973958
-0.838542
-0.989583
-0.869792
-0.864583
-0.973958
-0.880208
-0.989583
-0.885417
-0.979167
-0.921875
-0.973958
-0.786458
-0.869792
-0.916667
-0.927083
-0.59375
-0.875
-0.979167
-0.921875
-0.8125
-0.880208
-0.8125
-0.9375
-0.979167
-0.817708
-0.645833
-0.932292
-0.942708
-0.651042
-0.859375
-0.984375
-0.9375
-0.84375
-0.838542
-0.84375
-0.953125
-0.984375
-0.796875
-0.713542
-0.947917
-0.958333
-0.802083
-0.760417
-0.963542
-0.953125
-0.807292
-0.765625
-0.958333
-0.96875
-0.864583
-0.895833
-0.989583
-0.963542
-0.994792
-0.916667
-0.901042
-0.90625
-0.927083
-0.994792
-0.932292
-0.911458
-0.901042
-0.942708
-0.994792
-0.947917
-0.90625
-0.911458
-0.96875
-0.994792
-0.973958
-0.979167
-0.984375
