-0.966667
-0.95
-0.933333
-0.916667
-0.983333
-0.9
-0.716667
-0.7
-0.833333
-0.983333
-0.816667
-0.683333
-0.716667
-0.783333
-0.983333
-0.766667
-0.7
-0.683333
-0.733333
-0.983333
-0.883333
-0.966667
-0.666667
-0.566667
-0.9
-0.866667
-0.25
-0.383333
-0.85
-0.883333
-0.233333
-0.366667
-0.866667
-0.833333
-0.0833333
-0.35
-0.95
-0.85
-0.5
-0.483333
-0.5
-0.8
-0.95
-0.55
0.116667
-0.816667
-0.783333
0.133333
-0.416667
-0.933333
-0.8
-0.4
-0.616667
-0.4
-0.75
-0.933333
-0.6
0.3
-0.766667
-0.733333
-0.583333
-0.316667
-0.916667
-0.75
-0.933333
-0.633333
-0.966667
-0.616667
-0.916667
-0.566667
-0.583333
-0.966667
-0.483333
-0.916667
-0.516667
-0.95
-0.25
-0.65
-0.9
-0.3
0.55
-0.666667
-0.633333
0.566667
-0.466667
-0.716667
-0.65
0.216667
-0.766667
0.216667
-0.6
-0.716667
-0.75
0.316667
-0.616667
-0.583333
-0.733333
0.4
-0.7
-0.6
-0.383333
-0.7
-0.266667
-0.9
0.0166667
0.133333
-0.533333
-0.816667
0.0333333
0.733333
-0.55
-0.516667
0.05
-0.333333
-0.683333
-0.533333
-0.816667
-0.0666667
-0.833333
0.0166667
-0.683333
-0.35
0.05
-0.833333
-0.633333
-0.45
0.55
0.233333
-0.433333
-0.466667
0.933333
0.25
-0.45
-0.416667
1.05
0.266667
-0.783333
-0.433333
0.116667
0.2
0.2
-0.766667
0.15
-0.783333
-0.566667
-0.366667
-0.15
-0.883333
-0.35
-0.383333
-0.1
-0.866667
-0.366667
-0.483333
0
-0.85
0.9
-0.516667
-0.316667
0.733333
0.466667
-0.733333
-0.333333
0.3
-0.183333
0.566667
-0.283333
-0.666667
-0.166667
1.28333
-0.3
-0.266667
-0.15
0.483333
-0.566667
-0.283333
-0.666667
-0.2
-0.883333
-0.183333
-0.0833333
-0.216667
-0.866667
-0.133333
1.5
-0.233333
-0.2
1.51667
0.5
-0.25
-0.216667
1.2
-0.3
1.2
-0.166667
-0.25
-0.283333
1.3
-0.183333
-0.15
-0.266667
1.18333
-0.383333
-0.166667
-0.0333333
1.51667
-0.116667
-0.233333
-0.0166667
1.68333
-0.133333
-0.1
0
1.16667
-0.366667
-0.116667
-0.233333
-0.05
-0.85
-0.0333333
0.0666667
-0.5
-0.05
0.65
1.45
-0.0833333
-0.0666667
1.6
-0.133333
1.6
-0.0166667
-0.0833333
-0.116667
1.7
-0.0333333
0
-0.1
0.916667
-0.35
-0.0166667
-0.55
0.65
0.0333333
-0.5
-0.533333
0.75
0.0166667
0.05
-0.516667
0.833333
-0.483333
0.0333333
-0.0666667
0.0833333
1.45
0.666667
0.1
0.0666667
1.91667
0.683333
0.0833333
0.116667
1.06667
0.7
-0.8
0.1
-0.416667
0.183333
0.183333
-0.55
0.166667
-0.8
1.15
0.283333
-0.4
0.166667
1.13333
0.716667
0.133333
0.15
0.133333
0.7
1.13333
0.116667
-0.4
0.266667
1.15
-0.416667
0.233333
-0.616667
0.583333
-0.633333
0.216667
0.25
0.983333
-0.466667
0.266667
0.233333
1.03333
-0.45
0.25
0.2
1.11667
-0.433333
2.15
0.15
0.3
0.716667
0.383333
-0.75
0.283333
-0.316667
0.333333
-0.6
0.633333
0.4
0.316667
0.35
2.31667
0.416667
0.366667
0.333333
2.33333
0.433333
0.35
0.383333
2.45
0.45
0.3
0.366667
2.15
0.466667
0.416667
-0.583333
0.483333
0.316667
0.4
0.433333
1.43333
0.333333
0.45
0.416667
2.43333
0.35
0.433333
0.466667
2.51667
0.366667
-0.316667
0.45
0.9
0.383333
1.43333
-0.266667
0.4
1.28333
-0.2
0.516667
1.5
1.21667
0.533333
0.5
2.56667
1.23333
0.516667
0.55
0.95
1.25
-0.65
0.533333
-0.466667
0.616667
0.616667
-0.3
0.6
-0.65
0.983333
0.633333
0.216667
0.6
0.966667
1.26667
0.566667
0.583333
0.566667
1.25
0.966667
0.55
2.31667
0.583333
0.316667
1.26667
0.666667
0.0166667
1.86667
-0.0666667
0.65
0.683333
1.96667
0.0666667
0.7
0.666667
2.01667
0.0833333
0.683333
0.183333
2.06667
0.1
2.23333
0.166667
0.733333
0.283333
0.816667
-0.533333
0.716667
-0.333333
0.766667
0.0333333
1.9
0.833333
0.75
0.783333
2.88333
0.85
0.8
0.766667
2.9
0.866667
0.783333
0.816667
3.01667
0.883333
0.733333
0.8
2.23333
0.9
0.85
0.05
0.916667
0.75
0.833333
0.866667
1.78333
0.766667
0.883333
0.85
3
0.783333
0.866667
0.9
2.55
0.8
-0.333333
0.883333
0.466667
0.816667
1.78333
0
0.833333
1.7
1.05
0.95
-0.45
1
2.56667
0.933333
0.533333
2.68333
0.6
2.76667
0.616667
0.983333
0.583333
2.3
0.233333
0.966667
1.08333
2.68333
1.01667
0.933333
1.1
3.15
1
1.03333
1.11667
2.28333
0.25
1.01667
0.933333
1.06667
-0.433333
1.08333
1.91667
1.05
0.1
2.03333
1
2.03333
1.1
1.05
1.01667
3.16667
1.08333
1.11667
1.03333
2.26667
0.266667
1.1
0.166667
2.16667
0.183333
1.15
0.15
2.08333
0.2
1.13333
1.83333
-0.1
1.18333
1.68333
1.38333
-0.15
1.16667
1.3
1.21667
-0.183333
1.53333
-0.2
1.2
1.23333
2.61667
0.5
1.25
1.21667
2.66667
0.516667
1.23333
0.616667
2.71667
0.533333
2.38333
0.6
1.28333
0.633333
1.36667
-0.283333
1.26667
0.483333
1.31667
-0.166667
1.58333
1.18333
1.3
1.33333
3.36667
1.38333
1.35
1.31667
3.38333
1.4
1.33333
1.36667
3.5
1.41667
1.28333
1.35
2.38333
1.43333
1.18333
1.4
1.83333
1.31667
1.41667
1.38333
3.48333
1.33333
1.4
1.43333
2.53333
1.35
0.483333
1.41667
0.416667
1.36667
-0.05
1.46667
0.0666667
1.61667
1.48333
1.45
1.93333
1.63333
1.46667
1.5
2.58333
1.65
-0.216667
1.48333
0.5
1.56667
1.56667
-0.133333
1.55
-0.216667
2.61667
1.58333
1.2
1.55
2.6
1.66667
1.51667
1.53333
1.51667
1.65
2.6
1.5
3.36667
1.53333
1.3
1.66667
1.61667
-0.0333333
1.85
-0.05
1.6
1.63333
1.95
1.45
1.65
1.61667
3.6
1.46667
1.63333
1.56667
3.63333
1.48333
3.43333
1.55
1.68333
1.58333
1.76667
-0.116667
1.66667
1.16667
1.71667
-0.0166667
1.88333
0.916667
1.7
1.73333
2.95
1.78333
1.75
1.71667
3.8
1.8
1.73333
1.76667
3.88333
1.81667
1.68333
1.75
3.43333
1.83333
0.916667
1.8
0.85
1.71667
1.81667
1.78333
3.08333
1.73333
1.8
1.83333
3.56667
1.75
1.16667
1.81667
1.38333
1.76667
1.95
1.88333
1.6
1.86667
1.96667
1.9
0.65
1.85
2.95
1.85
1.7
1.9
2.88333
1.86667
0.75
1.88333
1.06667
1.93333
0.0833333
1.98333
2.58333
1.91667
1.46667
3.1
1.85
3.78333
1.61667
1.96667
1.86667
2.86667
0.666667
1.95
2.03333
3.1
2
1.91667
2.05
4.03333
1.98333
2.01667
2.06667
2.85
0.683333
2
1.98333
1.08333
2.05
1.06667
2
3.31667
2.03333
2.06667
2.01667
2.25
0.7
2.05
2.1
1.15
2.26667
2.16667
2.08333
2.11667
3.25
2.18333
2.13333
2.1
4.18333
2.2
2.11667
2.15
2.46667
2.21667
0.283333
2.13333
0.383333
2.23333
2.18333
1.13333
2.25
2.08333
2.16667
2.2
4.11667
2.1
2.21667
2.18333
4.25
2.11667
2.2
2.23333
3.03333
2.13333
0.716667
2.21667
0.816667
2.15
4.11667
2.06667
2.16667
3.31667
3.25
1.11667
2.08333
3.16667
3.3
1.03333
2.3
3.15
2.73333
0.983333
2.28333
2.76667
0.633333
2.36667
0.333333
2.38333
2.45
2.35
0.35
2.4
4.33333
2.33333
2.36667
4.35
2.75
2.31667
2.35
2.81667
1.26667
2.81667
1.36667
2.31667
2.48333
4.35
2.41667
2.33333
2.5
3.55
2.4
2.43333
2.51667
2.53333
0.433333
2.41667
2.33333
2.46667
0.366667
2.48333
4.18333
2.45
2.13333
4.26667
2.4
4.26667
2.5
2.45
2.41667
3.06667
2.48333
2.51667
2.43333
2.55
0.45
2.5
3.48333
2.43333
1.41667
3.55
3
2.51667
0.883333
3.06667
0.95
2.58333
0.516667
2.63333
1.93333
2.56667
1.48333
3.11667
1.55
3.68333
1.56667
2.61667
1.53333
3.35
1.21667
2.6
2.68333
3.11667
2.65
2.56667
2.7
4.45
2.63333
2.66667
2.71667
3.33333
1.23333
2.65
2.63333
1
2.7
0.95
2.65
3.13333
2.68333
2.71667
2.66667
2.83333
1.25
2.7
2.3
2.75
3.3
2.78333
2.36667
2.73333
4.33333
2.8
2.78333
0.966667
2.83333
2.3
2.76667
2.8
4.53333
2.73333
2.81667
2.78333
4.61667
2.75
2.8
2.38333
3.51667
2.36667
4.53333
2.71667
2.76667
3.13333
4.16667
2.01667
2.86667
4.03333
3.98333
1.96667
2.85
3.78333
1.9
2.93333
0.766667
2.95
3.01667
2.91667
0.783333
2.96667
4.66667
2.9
2.93333
4.68333
4
2.88333
2.91667
3.83333
1.88333
3.83333
1.71667
2.88333
3.05
4.68333
2.98333
2.9
3.06667
3.86667
2.96667
3
2.55
3.08333
0.866667
2.98333
2.9
3.03333
0.8
3.05
4.25
3.01667
2.21667
4.28333
2.96667
4.28333
3.06667
3.01667
2.98333
2.5
3.05
2.55
3.56667
3
1.8
3.86667
3.11667
1.98333
3.58333
1.93333
3.1
2.63333
3.61667
2.58333
4.46667
2.7
3.15
2.83333
3.23333
1.01667
3.13333
2.28333
3.18333
1.1
3.31667
2.26667
3.16667
3.2
4.05
3.25
3.21667
3.18333
4.76667
3.26667
3.2
3.23333
4.81667
3.28333
3.15
3.21667
4.46667
3.3
2.26667
3.26667
2.1
3.18333
3.28333
3.25
4.2
3.2
3.26667
3.3
4.31667
3.21667
2.28333
3.28333
2.73333
3.23333
4.05
2.05
3.16667
2.25
4.58333
2.66667
3.35
4.45
3.65
2.61667
3.33333
3.68333
1.58333
3.41667
1.31667
3.43333
3.5
3.4
1.33333
3.45
4.88333
3.38333
3.41667
4.9
3.66667
3.36667
3.4
3.73333
1.66667
3.73333
1.76667
3.36667
3.53333
4.9
3.46667
3.38333
3.55
3.93333
3.45
3.48333
2.53333
3.56667
1.4
3.46667
3.38333
3.51667
1.35
3.53333
4.61667
3.5
2.81667
4.36667
3.45
4.36667
3.55
3.5
3.46667
2.41667
3.53333
2.53333
3.08333
3.48333
1.81667
3.93333
3.61667
4.01667
3.1
3.6
3.63333
3.76667
1.63333
3.58333
3.58333
4.43333
3.11667
3.63333
3.6
3.75
1.65
3.61667
3.35
3.66667
4.58333
3.7
3.41667
3.65
4.88333
3.71667
3.7
2.6
3.75
3.35
3.68333
3.71667
5.05
3.65
3.73333
3.7
5.13333
3.66667
3.71667
3.43333
3.9
3.41667
5.05
3.63333
3.68333
4.43333
5.1
3.6
3.78333
4.01667
3.95
1.95
3.76667
2.86667
3.88333
3.81667
1.73333
3.85
5.18333
3.8
3.83333
4.7
3.96667
2.95
3.81667
2.93333
3.91667
4.7
3.86667
3.8
3.93333
2.98333
3.85
3.08333
3.8
3.9
1.75
3.91667
5.13333
3.88333
3.73333
4.91667
3.85
4.91667
3.93333
3.88333
3.86667
3.46667
3.91667
3.56667
3.78333
3.96667
5.1
3.98333
3.83333
3.95
5.18333
4
2.86667
4
4.16667
3.95
2.93333
3.98333
4.66667
3.96667
5.03333
3.58333
4.03333
3.76667
4.1
2
4.01667
2.85
3.31667
4.06667
3.18333
4.11667
4.08333
4.05
4.78333
4.13333
4.06667
4.1
5.26667
4.15
4.03333
4.08333
5.03333
4.16667
2.25
4.13333
2.18333
4.05
4.15
4.11667
4.3
4.06667
4.13333
4.16667
4.65
4.08333
2.85
4.15
3.98333
4.1
2.46667
4.2
2.11667
4.21667
4.31667
4.18333
3.26667
4.4
4.26667
4.4
4.23333
4.18333
4.28333
4.73333
4.21667
4.25
3.03333
4.3
2.2
4.23333
4.21667
2.48333
4.28333
2.46667
4.23333
3.05
4.26667
3.03333
4.65
4.25
4.13333
4.73333
4.2
4.33333
3.28333
4.41667
2.35
4.31667
2.75
4.38333
4.38333
2.4
4.36667
2.35
4.6
3.53333
4.35
3.51667
4.35
4.41667
4.6
4.33333
4.41667
4.21667
4.8
4.2
4.4
4.38333
4.85
4.31667
4.98333
3.61667
4.45
3.75
4.51667
2.65
4.43333
3.33333
3.13333
4.48333
3.23333
4.53333
4.5
4.46667
4.83333
4.55
4.48333
4.51667
5.33333
4.56667
4.45
4.5
4.98333
4.58333
2.83333
4.55
2.78333
4.46667
4.56667
4.53333
4.63333
4.48333
4.55
4.58333
4.86667
4.5
3.33333
4.56667
3.65
4.51667
4.36667
4.95
4.38333
4.61667
3.51667
4.63333
2.8
4.6
4.86667
4.61667
4.55
4.95
4.3
4.66667
4.15
4.75
2.91667
4.65
4
4.71667
4.71667
2.96667
4.7
2.91667
5.2
3.85
4.68333
3.81667
4.68333
4.75
5.2
4.66667
4.75
4.23333
5.25
4.3
4.73333
4.71667
5.3
4.65
4.81667
4.78333
3.2
4.8
5.26667
4.76667
4.06667
5.25
4.85
5.25
4.4
4.76667
4.76667
4.83333
3.21667
4.85
5.33333
4.81667
4.48333
5.31667
4.8
5.31667
4.41667
4.81667
4.63333
4.88333
4.56667
4.96667
3.4
4.86667
3.66667
4.93333
4.93333
3.45
4.91667
3.4
5.11667
3.91667
4.9
3.9
4.9
4.96667
5.11667
4.88333
4.96667
4.6
5.31667
4.63333
4.95
4.93333
5.36667
4.86667
4.43333
5
4.51667
5.05
5.01667
4.98333
5.35
5.06667
5
5.03333
5.28333
5.08333
4.01667
5.01667
4.1
5.1
3.75
5.06667
3.7
4.98333
5.08333
5.05
5.15
5
5.06667
5.1
5.16667
5.01667
3.76667
5.08333
3.95
5.03333
4.91667
5.21667
4.93333
5.13333
3.9
5.15
3.71667
5.11667
5.16667
5.13333
5.06667
5.21667
5.15
5.18333
5.08333
5.23333
3.81667
5.16667
3.96667
5.2
4.7
5.23333
4.71667
5.18333
5.23333
5.11667
5.4
5.15
5.21667
5.2
5.38333
5.16667
5.3
4.8
4.73333
4.78333
4.78333
5.28333
4.08333
5.3
5.35
5.26667
5.01667
5.38333
5.25
5.38333
4.75
5.26667
5.36667
4.85
4.95
4.83333
4.83333
5.35
4.5
5.36667
5.28333
5.33333
5
5.4
5.31667
5.4
4.96667
5.33333
5.4
5.3
5.23333
5.28333
5.38333
5.36667
5.21667
5.35
5.38333
5.36667
5.21667
5.35
0
5.35
5.21667
5.36667
5.38333
5.35
5.21667
5.36667
5.38333
5.28333
5.23333
5.3
5.4
5.33333
4.96667
5.4
5.31667
5.4
5
5.33333
5.28333
5.36667
4.5
5.35
4.83333
4.83333
4.95
4.85
5.36667
5.26667
4.75
5.38333
5.25
5.38333
5.01667
5.26667
5.35
5.3
4.08333
5.28333
4.78333
4.78333
4.73333
4.8
5.3
5.16667
5.38333
5.2
5.21667
5.15
5.4
5.11667
5.23333
5.18333
4.71667
5.23333
4.7
5.2
3.96667
5.16667
3.81667
5.23333
5.08333
5.18333
5.15
5.21667
5.06667
5.13333
5.16667
5.11667
3.71667
5.15
3.9
5.13333
4.93333
5.21667
4.91667
5.03333
3.95
5.08333
3.76667
5.01667
5.16667
5.1
5.06667
5
5.15
5.05
5.08333
4.98333
3.7
5.06667
3.75
5.1
4.1
5.01667
4.01667
5.08333
5.28333
5.03333
5
5.06667
5.35
4.98333
5.01667
5.05
4.51667
5
4.43333
4.86667
5.36667
4.93333
4.95
4.63333
5.31667
4.6
4.96667
4.88333
5.11667
4.96667
4.9
3.9
4.9
3.91667
5.11667
3.4
4.91667
3.45
4.93333
4.93333
3.66667
4.86667
3.4
4.96667
4.56667
4.88333
4.63333
4.81667
4.41667
5.31667
4.8
5.31667
4.48333
4.81667
5.33333
4.85
3.21667
4.83333
4.76667
4.76667
4.4
5.25
4.85
5.25
4.06667
4.76667
5.26667
4.8
3.2
4.78333
4.81667
4.65
5.3
4.71667
4.73333
4.3
5.25
4.23333
4.75
4.66667
5.2
4.75
4.68333
3.81667
4.68333
3.85
5.2
2.91667
4.7
2.96667
4.71667
4.71667
4
4.65
2.91667
4.75
4.15
4.66667
4.3
4.95
4.55
4.61667
4.86667
4.6
2.8
4.63333
3.51667
4.61667
4.38333
4.95
4.36667
4.51667
3.65
4.56667
3.33333
4.5
4.86667
4.58333
4.55
4.48333
4.63333
4.53333
4.56667
4.46667
2.78333
4.55
2.83333
4.58333
4.98333
4.5
4.45
4.56667
5.33333
4.51667
4.48333
4.55
4.83333
4.46667
4.5
4.53333
3.23333
4.48333
3.13333
3.33333
4.43333
2.65
4.51667
3.75
4.45
3.61667
4.98333
4.31667
4.85
4.38333
4.4
4.2
4.8
4.21667
4.41667
4.33333
4.6
4.41667
4.35
3.51667
4.35
3.53333
4.6
2.35
4.36667
2.4
4.38333
4.38333
2.75
4.31667
2.35
4.41667
3.28333
4.33333
4.2
4.73333
4.13333
4.25
4.65
3.03333
4.26667
3.05
4.23333
2.46667
4.28333
2.48333
4.21667
4.23333
2.2
4.3
3.03333
4.25
4.21667
4.73333
4.28333
4.18333
4.23333
4.4
4.26667
4.4
3.26667
4.18333
4.31667
4.21667
2.11667
4.2
2.46667
4.1
3.98333
4.15
2.85
4.08333
4.65
4.16667
4.13333
4.06667
4.3
4.11667
4.15
4.05
2.18333
4.13333
2.25
4.16667
5.03333
4.08333
4.03333
4.15
5.26667
4.1
4.06667
4.13333
4.78333
4.05
4.08333
4.11667
3.18333
4.06667
3.31667
2.85
4.01667
2
4.1
3.76667
4.03333
3.58333
5.03333
3.96667
4.66667
3.98333
2.93333
3.95
4.16667
4
2.86667
4
5.18333
3.95
3.83333
3.98333
5.1
3.96667
3.78333
3.56667
3.91667
3.46667
3.86667
3.88333
3.93333
4.91667
3.85
4.91667
3.73333
3.88333
5.13333
3.91667
1.75
3.9
3.8
3.08333
3.85
2.98333
3.93333
3.8
3.86667
4.7
3.91667
2.93333
3.81667
2.95
3.96667
4.7
3.83333
3.8
5.18333
3.85
1.73333
3.81667
3.88333
2.86667
3.76667
1.95
3.95
4.01667
3.78333
3.6
5.1
4.43333
3.68333
3.63333
5.05
3.41667
3.9
3.43333
3.71667
3.66667
5.13333
3.7
3.73333
3.65
5.05
3.71667
3.68333
3.35
3.75
2.6
3.7
3.71667
4.88333
3.65
3.41667
3.7
4.58333
3.66667
3.35
3.61667
1.65
3.75
3.6
3.63333
3.11667
4.43333
3.58333
3.58333
1.63333
3.76667
3.63333
3.6
3.1
4.01667
3.61667
3.93333
1.81667
3.48333
3.08333
2.53333
3.53333
2.41667
3.46667
3.5
3.55
4.36667
3.45
4.36667
2.81667
3.5
4.61667
3.53333
1.35
3.51667
3.38333
3.46667
1.4
3.56667
2.53333
3.48333
3.45
3.93333
3.55
3.38333
3.46667
4.9
3.53333
3.36667
1.76667
3.73333
1.66667
3.73333
3.4
3.36667
3.66667
4.9
3.41667
3.38333
4.88333
3.45
1.33333
3.4
3.5
3.43333
1.31667
3.41667
1.58333
3.68333
3.33333
2.61667
3.65
4.45
3.35
2.66667
4.58333
2.25
3.16667
2.05
4.05
3.23333
2.73333
3.28333
2.28333
3.21667
4.31667
3.3
3.26667
3.2
4.2
3.25
3.28333
3.18333
2.1
3.26667
2.26667
3.3
4.46667
3.21667
3.15
3.28333
4.81667
3.23333
3.2
3.26667
4.76667
3.18333
3.21667
3.25
4.05
3.2
3.16667
2.26667
3.31667
1.1
3.18333
2.28333
3.13333
1.01667
3.23333
2.83333
3.15
2.7
4.46667
2.58333
3.61667
2.63333
3.1
1.93333
3.58333
1.98333
3.11667
3.86667
1.8
3
3.56667
2.55
3.05
2.5
2.98333
3.01667
3.06667
4.28333
2.96667
4.28333
2.21667
3.01667
4.25
3.05
0.8
3.03333
2.9
2.98333
0.866667
3.08333
2.55
3
2.96667
3.86667
3.06667
2.9
2.98333
4.68333
3.05
2.88333
1.71667
3.83333
1.88333
3.83333
2.91667
2.88333
4
4.68333
2.93333
2.9
4.66667
2.96667
0.783333
2.91667
3.01667
2.95
0.766667
2.93333
1.9
3.78333
2.85
1.96667
3.98333
4.03333
2.86667
2.01667
4.16667
3.13333
2.76667
2.71667
4.53333
2.36667
3.51667
2.38333
2.8
2.75
4.61667
2.78333
2.81667
2.73333
4.53333
2.8
2.76667
2.3
2.83333
0.966667
2.78333
2.8
4.33333
2.73333
2.36667
2.78333
3.3
2.75
2.3
2.7
1.25
2.83333
2.66667
2.71667
2.68333
3.13333
2.65
0.95
2.7
1
2.63333
2.65
1.23333
3.33333
2.71667
2.66667
2.63333
4.45
2.7
2.56667
2.65
3.11667
2.68333
2.6
1.21667
3.35
1.53333
2.61667
1.56667
3.68333
1.55
3.11667
1.48333
2.56667
1.93333
2.63333
0.516667
2.58333
0.95
3.06667
0.883333
2.51667
3
3.55
1.41667
2.43333
3.48333
2.5
0.45
2.55
2.43333
2.51667
2.48333
3.06667
2.41667
2.45
2.5
4.26667
2.4
4.26667
2.13333
2.45
4.18333
2.48333
0.366667
2.46667
2.33333
2.41667
0.433333
2.53333
2.51667
2.43333
2.4
3.55
2.5
2.33333
2.41667
4.35
2.48333
2.31667
1.36667
2.81667
1.26667
2.81667
2.35
2.31667
2.75
4.35
2.36667
2.33333
4.33333
2.4
0.35
2.35
2.45
2.38333
0.333333
2.36667
0.633333
2.76667
2.28333
0.983333
2.73333
3.15
2.3
1.03333
3.3
3.16667
2.08333
1.11667
3.25
3.31667
2.16667
2.06667
4.11667
2.15
0.816667
2.21667
0.716667
2.13333
3.03333
2.23333
2.2
2.11667
4.25
2.18333
2.21667
2.1
4.11667
2.2
2.16667
2.08333
2.25
1.13333
2.18333
2.23333
0.383333
2.13333
0.283333
2.21667
2.46667
2.15
2.11667
2.2
4.18333
2.1
2.13333
2.18333
3.25
2.11667
2.08333
2.16667
2.26667
1.15
2.1
2.05
0.7
2.25
2.01667
2.06667
2.03333
3.31667
2
1.06667
2.05
1.08333
1.98333
2
0.683333
2.85
2.06667
2.01667
1.98333
4.03333
2.05
1.91667
2
3.1
2.03333
1.95
0.666667
2.86667
1.86667
1.96667
1.61667
3.78333
1.85
3.1
1.46667
1.91667
2.58333
1.98333
0.0833333
1.93333
1.06667
1.88333
0.75
1.86667
2.88333
1.9
1.7
1.85
2.95
1.85
0.65
1.9
1.96667
1.86667
1.6
1.88333
1.95
1.76667
1.38333
1.81667
1.16667
1.75
3.56667
1.83333
1.8
1.73333
3.08333
1.78333
1.81667
1.71667
0.85
1.8
0.916667
1.83333
3.43333
1.75
1.68333
1.81667
3.88333
1.76667
1.73333
1.8
3.8
1.71667
1.75
1.78333
2.95
1.73333
1.7
0.916667
1.88333
-0.0166667
1.71667
1.16667
1.66667
-0.116667
1.76667
1.58333
1.68333
1.55
3.43333
1.48333
3.63333
1.56667
1.63333
1.46667
3.6
1.61667
1.65
1.45
1.95
1.63333
1.6
-0.05
1.85
-0.0333333
1.61667
1.66667
1.3
1.53333
3.36667
1.5
2.6
1.65
1.51667
1.53333
1.51667
1.66667
2.6
1.55
1.2
1.58333
2.61667
-0.216667
1.55
-0.133333
1.56667
1.56667
0.5
1.48333
-0.216667
1.65
2.58333
1.5
1.46667
1.63333
1.93333
1.45
1.48333
1.61667
0.0666667
1.46667
-0.05
1.36667
0.416667
1.41667
0.483333
1.35
2.53333
1.43333
1.4
1.33333
3.48333
1.38333
1.41667
1.31667
1.83333
1.4
1.18333
1.43333
2.38333
1.35
1.28333
1.41667
3.5
1.36667
1.33333
1.4
3.38333
1.31667
1.35
1.38333
3.36667
1.33333
1.3
1.18333
1.58333
-0.166667
1.31667
0.483333
1.26667
-0.283333
1.36667
0.633333
1.28333
0.6
2.38333
0.533333
2.71667
0.616667
1.23333
0.516667
2.66667
1.21667
1.25
0.5
2.61667
1.23333
1.2
-0.2
1.53333
-0.183333
1.21667
1.3
1.16667
-0.15
1.38333
1.68333
1.18333
-0.1
1.83333
1.13333
0.2
2.08333
0.15
1.15
0.183333
2.16667
0.166667
1.1
0.266667
2.26667
1.03333
1.11667
1.08333
3.16667
1.01667
1.05
1.1
2.03333
1
2.03333
0.1
1.05
1.91667
1.08333
-0.433333
1.06667
0.933333
1.01667
0.25
2.28333
1.11667
1.03333
1
3.15
1.1
0.933333
1.01667
2.68333
1.08333
0.966667
0.233333
2.3
0.583333
0.983333
0.616667
2.76667
0.6
2.68333
0.533333
0.933333
2.56667
1
-0.45
0.95
1.05
1.7
0.833333
0
1.78333
0.816667
0.466667
0.883333
-0.333333
0.8
2.55
0.9
0.866667
0.783333
3
0.85
0.883333
0.766667
1.78333
0.866667
0.833333
0.75
0.916667
0.05
0.85
0.9
2.23333
0.8
0.733333
0.883333
3.01667
0.816667
0.783333
0.866667
2.9
0.766667
0.8
0.85
2.88333
0.783333
0.75
0.833333
1.9
0.0333333
0.766667
-0.333333
0.716667
-0.533333
0.816667
0.283333
0.733333
0.166667
2.23333
0.1
2.06667
0.183333
0.683333
0.0833333
2.01667
0.666667
0.7
0.0666667
1.96667
0.683333
0.65
-0.0666667
1.86667
0.0166667
0.666667
1.26667
0.316667
0.583333
2.31667
0.55
0.966667
1.25
0.566667
0.583333
0.566667
1.26667
0.966667
0.6
0.216667
0.633333
0.983333
-0.65
0.6
-0.3
0.616667
0.616667
-0.466667
0.533333
-0.65
1.25
0.95
0.55
0.516667
1.23333
2.56667
0.5
0.533333
1.21667
1.5
0.516667
-0.2
1.28333
0.4
-0.266667
1.43333
0.383333
0.9
0.45
-0.316667
0.366667
2.51667
0.466667
0.433333
0.35
2.43333
0.416667
0.45
0.333333
1.43333
0.433333
0.4
0.316667
0.483333
-0.583333
0.416667
0.466667
2.15
0.366667
0.3
0.45
2.45
0.383333
0.35
0.433333
2.33333
0.333333
0.366667
0.416667
2.31667
0.35
0.316667
0.4
0.633333
-0.6
0.333333
-0.316667
0.283333
-0.75
0.383333
0.716667
0.3
0.15
2.15
-0.433333
1.11667
0.2
0.25
-0.45
1.03333
0.233333
0.266667
-0.466667
0.983333
0.25
0.216667
-0.633333
0.583333
-0.616667
0.233333
-0.416667
1.15
0.266667
-0.4
0.116667
1.13333
0.7
0.133333
0.15
0.133333
0.716667
1.13333
0.166667
-0.4
0.283333
1.15
-0.8
0.166667
-0.55
0.183333
0.183333
-0.416667
0.1
-0.8
0.7
1.06667
0.116667
0.0833333
0.683333
1.91667
0.0666667
0.1
0.666667
1.45
0.0833333
-0.0666667
0.0333333
-0.483333
0.833333
-0.516667
0.05
0.0166667
0.75
-0.533333
-0.5
0.0333333
0.65
-0.55
-0.0166667
-0.35
0.916667
-0.1
0
-0.0333333
1.7
-0.116667
-0.0833333
-0.0166667
1.6
-0.133333
1.6
-0.0666667
-0.0833333
1.45
0.65
-0.05
-0.5
0.0666667
-0.0333333
-0.85
-0.05
-0.233333
-0.116667
-0.366667
1.16667
0
-0.1
-0.133333
1.68333
-0.0166667
-0.233333
-0.116667
1.51667
-0.0333333
-0.166667
-0.383333
1.18333
-0.266667
-0.15
-0.183333
1.3
-0.283333
-0.25
-0.166667
1.2
-0.3
1.2
-0.216667
-0.25
0.5
1.51667
-0.2
-0.233333
1.5
-0.133333
-0.866667
-0.216667
-0.0833333
-0.183333
-0.883333
-0.2
-0.666667
-0.283333
-0.566667
0.483333
-0.15
-0.266667
-0.3
1.28333
-0.166667
-0.666667
-0.283333
0.566667
-0.183333
0.3
-0.333333
-0.733333
0.466667
0.733333
-0.316667
-0.516667
0.9
-0.85
0
-0.483333
-0.366667
-0.866667
-0.1
-0.383333
-0.35
-0.883333
-0.15
-0.366667
-0.566667
-0.783333
0.15
-0.766667
0.2
0.2
0.116667
-0.433333
-0.783333
0.266667
1.05
-0.416667
-0.45
0.25
0.933333
-0.466667
-0.433333
0.233333
0.55
-0.45
-0.633333
-0.833333
0.05
-0.35
-0.683333
0.0166667
-0.833333
-0.0666667
-0.816667
-0.533333
-0.683333
-0.333333
0.05
-0.516667
-0.55
0.733333
0.0333333
-0.816667
-0.533333
0.133333
0.0166667
-0.9
-0.266667
-0.7
-0.383333
-0.6
-0.7
0.4
-0.733333
-0.583333
-0.616667
0.316667
-0.75
-0.716667
-0.6
0.216667
-0.766667
0.216667
-0.65
-0.716667
-0.466667
0.566667
-0.633333
-0.666667
0.55
-0.3
-0.9
-0.65
-0.25
-0.95
-0.516667
-0.916667
-0.483333
-0.966667
-0.583333
-0.566667
-0.916667
-0.616667
-0.966667
-0.633333
-0.933333
-0.75
-0.916667
-0.316667
-0.583333
-0.733333
-0.766667
0.3
-0.6
-0.933333
-0.75
-0.4
-0.616667
-0.4
-0.8
-0.933333
-0.416667
0.133333
-0.783333
-0.816667
0.116667
-0.55
-0.95
-0.8
-0.5
-0.483333
-0.5
-0.85
-0.95
-0.35
-0.0833333
-0.833333
-0.866667
-0.366667
-0.233333
-0.883333
-0.85
-0.383333
-0.25
-0.866667
-0.9
-0.566667
-0.666667
-0.966667
-0.883333
-0.983333
-0.733333
-0.683333
-0.7
-0.766667
-0.983333
-0.783333
-0.716667
-0.683333
-0.816667
-0.983333
-0.833333
-0.7
-0.716667
-0.9
-0.983333
-0.916667
-0.933333
-0.95
