       a   A   b   B   c   C   d   D
 1:    2   2   3   3   4   4   5   5
 2:    1   1   6   6  17  17  18  18
 3:   10  10   1   1  11  11  19  19
 4:   17  17  13  13   1   1  14  14
 5:   18  18  19  19  16  16   1   1
 6:    7   7   2   2  20  20  26  26
 7:    6   6   8   8  45  45  37  37
 8:    9   9   7   7  46  46  38  38
 9:    8   8  10  10  55  55  39  39
10:    3   3   9   9  30  30  31  31
11:   30  30  12  12   3   3  27  27
12:   67  67  11  11  13  13  68  68
13:   35  35   4   4  12  12  36  36
14:   23  23  36  36  15  15   4   4
15:   24  24  78  78  14  14  16  16
16:   25  25  41  41   5   5  15  15
17:    4   4  22  22   2   2  23  23
18:    5   5  26  26  25  25   2   2
19:   31  31   5   5  29  29   3   3
20:   45  45  21  21   6   6  42  42
21:   93  93  20  20  22  22  94  94
22:   32  32  17  17  21  21  73  73
23:   14  14  73  73  24  24  17  17
24:   15  15  79  79  23  23  25  25
25:   16  16  84  84  18  18  24  24
26:   37  37  18  18  44  44   6   6
27:   61  61  68  68  28  28  11  11
28:   62  62 104 104  27  27  29  29
29:   63  63  40  40  19  19  28  28
30:   11  11  56  56  10  10  61  61
31:   19  19  39  39  63  63  10  10
32:   22  22  33  33  93  93  74  74
33:   34  34  32  32 116 116  75  75
34:   33  33  35  35 123 123  76  76
35:   13  13  34  34  67  67  72  72
36:   72  72  14  14  69  69  13  13
37:   26  26  38  38  51  51   7   7
38:   39  39  37  37  54  54   8   8
39:   38  38  31  31  60  60   9   9
40:  114 114  29  29  41  41 104 104
41:   88  88  16  16  40  40  78  78
42:   49  49  94  94  43  43  20  20
43:   50  50 137 137  42  42  44  44
44:   51  51  89  89  26  26  43  43
45:   20  20  48  48   7   7  49  49
46:   55  55  47  47   8   8  52  52
47:  150 150  46  46  48  48 151 151
48:   90  90  45  45  47  47 132 132
49:   42  42 132 132  50  50  45  45
50:   43  43 138 138  49  49  51  51
51:   44  44 131 131  37  37  50  50
52:   58  58 151 151  53  53  46  46
53:   59  59 161 161  52  52  54  54
54:   60  60 130 130  38  38  53  53
55:   46  46  57  57   9   9  58  58
56:   64  64  30  30  57  57  99  99
57:  147 147  55  55  56  56 156 156
58:   52  52 156 156  59  59  55  55
59:   53  53 162 162  58  58  60  60
60:   54  54 115 115  39  39  59  59
61:   27  27  99  99  62  62  30  30
62:   28  28 105 105  61  61  63  63
63:   29  29 110 110  31  31  62  62
64:   56  56  65  65 147 147 100 100
65:   66  66  64  64 175 175 101 101
66:   65  65  67  67 124 124 102 102
67:   12  12  66  66  35  35  71  71
68:   71  71  27  27  70  70  12  12
69:  129 129  77  77  36  36  70  70
70:  128 128 103 103  68  68  69  69
71:   68  68 102 102 128 128  67  67
72:   36  36  76  76 129 129  35  35
73:   74  74  23  23  95  95  22  22
74:   73  73  75  75 119 119  32  32
75:   76  76  74  74 122 122  33  33
76:   75  75  72  72 127 127  34  34
77:  189 189  69  69  78  78 103 103
78:   83  83  15  15  77  77  41  41
79:   80  80  24  24  98  98  84  84
80:   79  79  81  81 199 199  85  85
81:   82  82  80  80 200 200  86  86
82:   81  81  83  83 207 207  87  87
83:   78  78  82  82 189 189  88  88
84:   85  85  25  25  89  89  79  79
85:   84  84  86  86 146 146  80  80
86:   87  87  85  85 206 206  81  81
87:   86  86  88  88 211 211  82  82
88:   41  41  87  87 114 114  83  83
89:  146 146  44  44  84  84 137 137
90:   48  48  91  91 150 150 133 133
91:   92  92  90  90 214 214 134 134
92:   91  91  93  93 117 117 135 135
93:   21  21  92  92  32  32  97  97
94:   97  97  42  42  96  96  21  21
95:  119 119  98  98  73  73  96  96
96:  118 118 136 136  94  94  95  95
97:   94  94 135 135 118 118  93  93
98:  199 199  95  95  79  79 136 136
99:  100 100  61  61 172 172  56  56
100:   99  99 101 101 178 178  64  64
101:  102 102 100 100 181 181  65  65
102:  101 101  71  71 184 184  66  66
103:  194 194  70  70 104 104  77  77
104:  109 109  28  28 103 103  40  40
105:  106 106  62  62 174 174 110 110
106:  105 105 107 107 233 233 111 111
107:  108 108 106 106 234 234 112 112
108:  107 107 109 109 241 241 113 113
109:  104 104 108 108 194 194 114 114
110:  111 111  63  63 115 115 105 105
111:  110 110 112 112 167 167 106 106
112:  113 113 111 111 240 240 107 107
113:  112 112 114 114 213 213 108 108
114:   40  40 113 113  88  88 109 109
115:  167 167  60  60 110 110 162 162
116:  123 123 117 117  33  33 120 120
117:  214 214 116 116  92  92 221 221
118:   96  96 226 226  97  97 119 119
119:   95  95 198 198  74  74 118 118
120:  125 125 221 221 121 121 116 116
121:  126 126 249 249 120 120 122 122
122:  127 127 197 197  75  75 121 121
123:  116 116 124 124  34  34 125 125
124:  175 175 123 123  66  66 182 182
125:  120 120 182 182 126 126 123 123
126:  121 121 250 250 125 125 127 127
127:  122 122 196 196  76  76 126 126
128:   70  70 190 190  71  71 129 129
129:   69  69 185 185  72  72 128 128
130:  170 170  54  54 131 131 161 161
131:  143 143  51  51 130 130 138 138
132:  133 133  49  49 152 152  48  48
133:  132 132 134 134 217 217  90  90
134:  135 135 133 133 220 220  91  91
135:  134 134  97  97 223 223  92  92
136:  203 203  96  96 137 137  98  98
137:  142 142  43  43 136 136  89  89
138:  139 139  50  50 155 155 131 131
139:  138 138 140 140 262 262 143 143
140:  141 141 139 139 263 263 144 144
141:  140 140 142 142 270 270 145 145
142:  137 137 141 141 203 203 146 146
143:  131 131 144 144 170 170 139 139
144:  145 145 143 143 269 269 140 140
145:  144 144 146 146 212 212 141 141
146:   89  89 145 145  85  85 142 142
147:   57  57 148 148  64  64 157 157
148:  149 149 147 147 176 176 158 158
149:  148 148 150 150 215 215 159 159
150:   47  47 149 149  90  90 154 154
151:  154 154  52  52 153 153  47  47
152:  217 217 155 155 132 132 153 153
153:  216 216 160 160 151 151 152 152
154:  151 151 159 159 216 216 150 150
155:  262 262 152 152 138 138 160 160
156:  157 157  58  58 171 171  57  57
157:  156 156 158 158 177 177 147 147
158:  159 159 157 157 276 276 148 148
159:  158 158 154 154 278 278 149 149
160:  266 266 153 153 161 161 155 155
161:  166 166  53  53 160 160 130 130
162:  163 163  59  59 173 173 115 115
163:  162 162 164 164 237 237 167 167
164:  165 165 163 163 288 288 168 168
165:  164 164 166 166 293 293 169 169
166:  161 161 165 165 266 266 170 170
167:  115 115 168 168 111 111 163 163
168:  169 169 167 167 245 245 164 164
169:  168 168 170 170 274 274 165 165
170:  130 130 169 169 143 143 166 166
171:  177 177 173 173 156 156 172 172
172:  178 178 174 174  99  99 171 171
173:  237 237 171 171 162 162 174 174
174:  233 233 172 172 105 105 173 173
175:  124 124 176 176  65  65 179 179
176:  215 215 175 175 148 148 246 246
177:  171 171 287 287 157 157 178 178
178:  172 172 232 232 100 100 177 177
179:  182 182 246 246 180 180 175 175
180:  183 183 302 302 179 179 181 181
181:  184 184 231 231 101 101 180 180
182:  179 179 125 125 183 183 124 124
183:  180 180 259 259 182 182 184 184
184:  181 181 195 195 102 102 183 183
185:  186 186 129 129 196 196 190 190
186:  185 185 187 187 255 255 191 191
187:  188 188 186 186 311 311 192 192
188:  187 187 189 189 208 208 193 193
189:   77  77 188 188  83  83 194 194
190:  191 191 128 128 195 195 185 185
191:  190 190 192 192 307 307 186 186
192:  193 193 191 191 315 315 187 187
193:  192 192 194 194 242 242 188 188
194:  103 103 193 193 109 109 189 189
195:  307 307 184 184 190 190 259 259
196:  255 255 127 127 185 185 250 250
197:  258 258 122 122 198 198 249 249
198:  224 224 119 119 197 197 226 226
199:   98  98 202 202  80  80 203 203
200:  207 207 201 201  81  81 204 204
201:  320 320 200 200 202 202 321 321
202:  225 225 199 199 201 201 229 229
203:  136 136 229 229 142 142 199 199
204:  209 209 321 321 205 205 200 200
205:  210 210 273 273 204 204 206 206
206:  211 211 212 212  86  86 205 205
207:  200 200 208 208  82  82 209 209
208:  311 311 207 207 188 188 316 316
209:  204 204 316 316 210 210 207 207
210:  205 205 244 244 209 209 211 211
211:  206 206 213 213  87  87 210 210
212:  269 269 206 206 145 145 273 273
213:  240 240 211 211 113 113 244 244
214:  117 117 215 215  91  91 218 218
215:  176 176 214 214 149 149 247 247
216:  153 153 281 281 154 154 217 217
217:  152 152 261 261 133 133 216 216
218:  221 221 247 247 219 219 214 214
219:  222 222 327 327 218 218 220 220
220:  223 223 260 260 134 134 219 219
221:  218 218 120 120 222 222 117 117
222:  219 219 248 248 221 221 223 223
223:  220 220 230 230 135 135 222 222
224:  198 198 225 225 258 258 227 227
225:  202 202 224 224 320 320 228 228
226:  227 227 118 118 230 230 198 198
227:  226 226 228 228 332 332 224 224
228:  229 229 227 227 337 337 225 225
229:  228 228 203 203 271 271 202 202
230:  332 332 223 223 226 226 248 248
231:  310 310 181 181 232 232 302 302
232:  299 299 178 178 231 231 287 287
233:  174 174 236 236 106 106 237 237
234:  241 241 235 235 107 107 238 238
235:  340 340 234 234 236 236 341 341
236:  300 300 233 233 235 235 290 290
237:  173 173 290 290 163 163 233 233
238:  243 243 341 341 239 239 234 234
239:  244 244 292 292 238 238 240 240
240:  213 213 245 245 112 112 239 239
241:  234 234 242 242 108 108 243 243
242:  315 315 241 241 193 193 317 317
243:  238 238 317 317 244 244 241 241
244:  239 239 210 210 243 243 213 213
245:  274 274 240 240 168 168 292 292
246:  247 247 179 179 275 275 176 176
247:  246 246 218 218 277 277 215 215
248:  328 328 222 222 249 249 230 230
249:  254 254 121 121 248 248 197 197
250:  251 251 126 126 259 259 196 196
251:  250 250 252 252 303 303 255 255
252:  253 253 251 251 346 346 256 256
253:  252 252 254 254 349 349 257 257
254:  249 249 253 253 328 328 258 258
255:  196 196 256 256 186 186 251 251
256:  257 257 255 255 312 312 252 252
257:  256 256 258 258 319 319 253 253
258:  197 197 257 257 224 224 254 254
259:  303 303 183 183 250 250 195 195
260:  335 335 220 220 261 261 327 327
261:  279 279 217 217 260 260 281 281
262:  155 155 265 265 139 139 266 266
263:  270 270 264 264 140 140 267 267
264:  353 353 263 263 265 265 354 354
265:  280 280 262 262 264 264 284 284
266:  160 160 284 284 166 166 262 262
267:  272 272 354 354 268 268 263 263
268:  273 273 296 296 267 267 269 269
269:  212 212 274 274 144 144 268 268
270:  263 263 271 271 141 141 272 272
271:  337 337 270 270 229 229 322 322
272:  267 267 322 322 273 273 270 270
273:  268 268 205 205 272 272 212 212
274:  245 245 269 269 169 169 296 296
275:  277 277 301 301 246 246 276 276
276:  278 278 286 286 158 158 275 275
277:  275 275 326 326 247 247 278 278
278:  276 276 285 285 159 159 277 277
279:  261 261 280 280 335 335 282 282
280:  265 265 279 279 353 353 283 283
281:  282 282 216 216 285 285 261 261
282:  281 281 283 283 363 363 279 279
283:  284 284 282 282 368 368 280 280
284:  283 283 266 266 294 294 265 265
285:  363 363 278 278 281 281 326 326
286:  366 366 276 276 287 287 301 301
287:  297 297 177 177 286 286 232 232
288:  293 293 289 289 164 164 291 291
289:  371 371 288 288 290 290 342 342
290:  298 298 237 237 289 289 236 236
291:  295 295 342 342 292 292 288 288
292:  296 296 239 239 291 291 245 245
293:  288 288 294 294 165 165 295 295
294:  368 368 293 293 284 284 355 355
295:  291 291 355 355 296 296 293 293
296:  292 292 268 268 295 295 274 274
297:  287 287 298 298 366 366 299 299
298:  290 290 297 297 371 371 300 300
299:  232 232 300 300 310 310 297 297
300:  236 236 299 299 340 340 298 298
301:  362 362 275 275 302 302 286 286
302:  306 306 180 180 301 301 231 231
303:  259 259 304 304 251 251 307 307
304:  305 305 303 303 347 347 308 308
305:  304 304 306 306 376 376 309 309
306:  302 302 305 305 362 362 310 310
307:  195 195 308 308 191 191 303 303
308:  309 309 307 307 318 318 304 304
309:  308 308 310 310 339 339 305 305
310:  231 231 309 309 299 299 306 306
311:  208 208 312 312 187 187 313 313
312:  319 319 311 311 256 256 324 324
313:  316 316 324 324 314 314 311 311
314:  317 317 344 344 313 313 315 315
315:  242 242 318 318 192 192 314 314
316:  313 313 209 209 317 317 208 208
317:  314 314 243 243 316 316 242 242
318:  339 339 315 315 308 308 344 344
319:  312 312 320 320 257 257 325 325
320:  201 201 319 319 225 225 323 323
321:  323 323 204 204 322 322 201 201
322:  336 336 272 272 321 321 271 271
323:  321 321 325 325 336 336 320 320
324:  325 325 313 313 348 348 312 312
325:  324 324 323 323 351 351 319 319
326:  359 359 277 277 327 327 285 285
327:  331 331 219 219 326 326 260 260
328:  248 248 329 329 254 254 332 332
329:  330 330 328 328 350 350 333 333
330:  329 329 331 331 380 380 334 334
331:  327 327 330 330 359 359 335 335
332:  230 230 333 333 227 227 328 328
333:  334 334 332 332 338 338 329 329
334:  333 333 335 335 352 352 330 330
335:  260 260 334 334 279 279 331 331
336:  322 322 357 357 323 323 337 337
337:  271 271 338 338 228 228 336 336
338:  352 352 337 337 333 333 357 357
339:  318 318 340 340 309 309 345 345
340:  235 235 339 339 300 300 343 343
341:  343 343 238 238 342 342 235 235
342:  372 372 291 291 341 341 289 289
343:  341 341 345 345 372 372 340 340
344:  345 345 314 314 375 375 318 318
345:  344 344 343 343 378 378 339 339
346:  349 349 347 347 252 252 348 348
347:  376 376 346 346 304 304 375 375
348:  351 351 375 375 324 324 346 346
349:  346 346 350 350 253 253 351 351
350:  380 380 349 349 329 329 379 379
351:  348 348 379 379 325 325 349 349
352:  338 338 353 353 334 334 358 358
353:  264 264 352 352 280 280 356 356
354:  356 356 267 267 355 355 264 264
355:  367 367 295 295 354 354 294 294
356:  354 354 358 358 367 367 353 353
357:  358 358 336 336 379 379 338 338
358:  357 357 356 356 382 382 352 352
359:  326 326 360 360 331 331 363 363
360:  361 361 359 359 381 381 364 364
361:  360 360 362 362 377 377 365 365
362:  301 301 361 361 306 306 366 366
363:  285 285 364 364 282 282 359 359
364:  365 365 363 363 369 369 360 360
365:  364 364 366 366 370 370 361 361
366:  286 286 365 365 297 297 362 362
367:  355 355 373 373 356 356 368 368
368:  294 294 369 369 283 283 367 367
369:  370 370 368 368 364 364 373 373
370:  369 369 371 371 365 365 374 374
371:  289 289 370 370 298 298 372 372
372:  342 342 374 374 343 343 371 371
373:  374 374 367 367 384 384 369 369
374:  373 373 372 372 383 383 370 370
375:  378 378 348 348 344 344 347 347
376:  347 347 377 377 305 305 378 378
377:  381 381 376 376 361 361 383 383
378:  375 375 383 383 345 345 376 376
379:  382 382 351 351 357 357 350 350
380:  350 350 381 381 330 330 382 382
381:  377 377 380 380 360 360 384 384
382:  379 379 384 384 358 358 380 380
383:  384 384 378 378 374 374 377 377
384:  383 383 382 382 373 373 381 381
